4b567008f964a520551028e3	40.621640	-74.246871	1
4ba43a73f964a520f08d38e3	40.614735	-74.177085	18
4bbe9fe8b083a593ba63a2e9	40.613060	-74.178564	2
4bc399a4dce4eee10eac719d	40.586498	-74.190271	2
4bd741a6304fce729f4533ab	40.592844	-74.231318	3
4c0055bfad15a5931dbe8d73	40.586416	-74.190324	2
4c96c79482b56dcbd0bde4aa	40.598858	-74.062505	1
4d9a4ae41829a0938baebf68	40.614758	-74.176116	1
3fd66200f964a52003e81ee3	40.756119	-73.972532	17
3fd66200f964a52019e61ee3	40.736596	-73.988997	39
3fd66200f964a52027e31ee3	40.767927	-73.984980	13
3fd66200f964a52034e61ee3	40.723914	-74.003017	6
3fd66200f964a52037eb1ee3	40.755630	-73.982340	17
3fd66200f964a5204fe81ee3	40.783429	-73.978478	4
3fd66200f964a52053eb1ee3	40.721971	-74.004228	119
3fd66200f964a52055e71ee3	40.749611	-73.979746	9
3fd66200f964a5207ee41ee3	40.736408	-73.988934	2
3fd66200f964a52080e71ee3	40.752207	-73.979723	5
3fd66200f964a52087e71ee3	40.752722	-73.967234	3
3fd66200f964a52095e71ee3	40.752877	-73.983747	19
3fd66200f964a52096e71ee3	40.753511	-73.983717	11
3fd66200f964a5209fe81ee3	40.755230	-73.981297	7
3fd66200f964a520bbe61ee3	40.719339	-74.004872	109
3fd66200f964a520bee71ee3	40.768036	-73.985118	110
3fd66200f964a520cdea1ee3	40.774581	-73.963371	8
3fd66200f964a520fce71ee3	40.756731	-73.973972	6
4127e200f964a520580c1fe3	40.747620	-73.986620	8
412e7980f964a520f80c1fe3	40.739967	-74.005795	83
4148d780f964a520c71c1fe3	40.711519	-74.011177	18
41575800f964a520311d1fe3	40.759829	-73.985956	32
42225f00f964a520ab1f1fe3	40.744526	-73.997040	9
42717900f964a5206d211fe3	40.761507	-73.985313	11
4276bf00f964a52086211fe3	40.705355	-74.017323	23
42893400f964a52065231fe3	40.742034	-73.984997	12
428d2880f964a520b5231fe3	40.756502	-73.973909	235
43616a00f964a52030291fe3	40.719884	-73.988096	31
43713c00f964a520002a1fe3	40.760527	-73.984879	3
438d6b12f964a520322b1fe3	40.759253	-73.985152	343
4397d3b8f964a520a72b1fe3	40.755577	-73.981858	7
439c437bf964a520f02b1fe3	40.758328	-73.985457	433
43b042a4f964a520962c1fe3	40.754879	-73.977278	77
43f9d055f964a520d52f1fe3	40.764811	-73.980904	12
4419aa38f964a5202e311fe3	40.756901	-73.971659	57
44826b5af964a5201b341fe3	40.757206	-73.984389	7
44ac05cef964a5200c351fe3	40.742536	-74.004153	21
44ae5146f964a52021351fe3	40.768691	-73.982610	5
44d7b1f3f964a52070361fe3	40.736507	-73.988804	105
451d25c1f964a5208c3a1fe3	40.743981	-73.987155	20
45863ac8f964a520b03f1fe3	40.761752	-73.980997	11
45f8e590f964a5203f441fe3	40.755840	-73.982440	15
4604f1f9f964a520b7441fe3	40.726057	-73.991733	16
465f30baf964a52054471fe3	40.764505	-73.982093	48
46756255f964a520da471fe3	40.738592	-73.985753	2
4690ac4cf964a520a0481fe3	40.764499	-73.980940	43
4729e375f964a520e74b1fe3	40.765179	-73.971872	25
473c885ff964a5205e4c1fe3	40.755771	-73.991304	3
48062f0bf964a520ff4e1fe3	40.746498	-73.991425	13
481dfa3af964a5207f4f1fe3	40.752620	-73.993363	157
481f2ad1f964a520844f1fe3	40.764736	-73.972250	8
48636489f964a520e0501fe3	40.738464	-73.985686	30
491301a9f964a52066521fe3	40.760071	-73.986369	22
49b937b7f964a5204a531fe3	40.755949	-73.972428	99
49c3c85df964a52076561fe3	40.673216	-73.986977	5
49c650dbf964a52033571fe3	40.764071	-73.978552	49
49c99502f964a52083581fe3	40.757981	-73.975258	67
49cacfb5f964a520e6581fe3	40.771279	-73.981934	64
49ccb6e0f964a5208a591fe3	40.754578	-73.973588	26
49cd2861f964a520c5591fe3	40.722108	-73.988797	9
49d18dfdf964a5208f5b1fe3	40.764169	-73.973415	146
49d3d4a7f964a5201a5c1fe3	40.740884	-74.007660	170
49d6bdedf964a520005d1fe3	40.755856	-73.969188	17
49de39a9f964a52037601fe3	40.757319	-73.983855	17
49eb53f5f964a520c2661fe3	40.739204	-74.027674	60
49efcc88f964a52006691fe3	40.715192	-74.009292	19
49f08690f964a52034691fe3	40.751828	-73.976480	180
49f26f7cf964a5202f6a1fe3	40.750082	-73.986139	4
49f9ea10f964a520936d1fe3	40.738151	-74.009433	54
49fb1083f964a520136e1fe3	40.743032	-73.983069	4
49fccf09f964a520e06e1fe3	40.767912	-73.985078	7
4a0215c6f964a5202a711fe3	40.756933	-73.984848	42
4a048c32f964a5200a721fe3	40.738530	-73.985502	34
4a0c2e7bf964a52014751fe3	40.762245	-73.979287	575
4a0e0f85f964a520bf751fe3	40.745878	-73.988142	194
4a11ef81f964a52060771fe3	40.755190	-73.977256	16
4a131d33f964a520bb771fe3	40.764452	-73.973602	14
4a1ed415f964a520de7b1fe3	40.745948	-74.005011	13
4a24510af964a520107e1fe3	40.723960	-74.003201	10
4a2458a3f964a520127e1fe3	40.757564	-73.989238	97
4a2af98bf964a52077961fe3	40.750618	-73.969495	15
4a305e1af964a52058991fe3	40.743192	-73.991095	18
4a32f2a7f964a520cf9a1fe3	40.724694	-73.998702	7
4a3a9952f964a52001a01fe3	40.715452	-74.009469	7
4a3cf015f964a520afa11fe3	40.752646	-73.972887	18
4a415164f964a5201ca51fe3	40.755630	-73.972995	27
4a41ee2ff964a5209fa51fe3	40.768984	-73.868454	18
4a4410ebf964a52019a71fe3	40.782466	-73.975815	4
4a480596f964a52072aa1fe3	40.768257	-73.987470	36
4a494a6ff964a5202bab1fe3	40.762803	-73.975751	11
4a4d7a55f964a520f3ad1fe3	40.692640	-73.988740	33
4a50f449f964a5204fb01fe3	40.762569	-73.982277	157
4a5623d5f964a52081b41fe3	40.748466	-73.977973	11
4a5a950bf964a52099ba1fe3	40.756470	-73.991827	17
4a5e6955f964a52085be1fe3	40.707276	-74.008884	11
4a5ef8bff964a52030bf1fe3	40.721049	-74.004951	15
4a62333df964a5205cc31fe3	40.757670	-73.981209	9
4a635017f964a520bac41fe3	40.749849	-73.981146	8
4a637181f964a52008c51fe3	40.761431	-73.974080	23
4a64df96f964a520eac61fe3	40.762541	-73.976652	9
4a65caaef964a5209ac71fe3	40.719605	-73.994820	20
4a669655f964a520c1c81fe3	40.732407	-73.998776	5
4a67bbd8f964a520f9c91fe3	40.761874	-73.975235	33
4a68d6fff964a5201ccb1fe3	40.764971	-73.975292	10
4a6e3e75f964a5204ed41fe3	40.707724	-74.007186	5
4a761da0f964a52044e21fe3	40.755950	-73.971060	4
4a77c486f964a5201be51fe3	40.759279	-73.974965	22
4a7b7bbaf964a5202beb1fe3	40.740372	-74.003017	5
4a7b8beaf964a52058eb1fe3	40.755596	-73.973801	105
4a7c0c8ff964a520dceb1fe3	40.745681	-73.984349	20
4a7d0598f964a5205aee1fe3	40.759648	-73.984317	30
4a80fa80f964a52090f61fe3	40.763323	-73.986840	6
4a8224b3f964a520baf81fe3	40.752246	-73.991333	3
4a825871f964a5201ef91fe3	40.763316	-73.980045	50
4a82eea3f964a52090f91fe3	40.709671	-74.014597	12
4a86e69ff964a5208a0120e3	40.716753	-74.032402	22
4a88af3ef964a520600720e3	40.758639	-73.988722	84
4a8a13b8f964a520d20920e3	40.745971	-73.985233	9
4a8eb444f964a5207e1220e3	40.762118	-73.971416	48
4a8f514bf964a520e31420e3	40.756132	-73.993006	6
4a967ab2f964a520362620e3	40.765370	-73.976057	78
4a99ae93f964a520cc2f20e3	40.760604	-73.970368	4
4a9a6a7af964a520ba3120e3	40.757319	-73.969691	10
4a9b4ab7f964a520eb3420e3	40.665666	-73.806710	5
4a9db638f964a5200e3920e3	40.739521	-73.982558	9
4a9e6e8cf964a5202f3a20e3	40.752719	-73.985753	17
4a9f2ec3f964a520d73c20e3	40.764504	-73.995809	37
4a9f2f6ff964a520d93c20e3	40.758075	-73.983654	18
4aa053a1f964a520223f20e3	40.750230	-73.986484	16
4aa30095f964a520ef4220e3	40.760225	-73.958354	1
4aa4f236f964a5204d4720e3	40.716615	-73.994799	7
4aa70ec8f964a520e44b20e3	40.798907	-73.968611	5
4aa833aef964a520045020e3	40.756585	-73.984515	14
4aadaeeaf964a520416120e3	40.740771	-73.787943	2
4aaeb93ef964a5200d6320e3	40.750084	-73.991408	112
4aaec0f3f964a520276320e3	40.760423	-73.958480	11
4ab04eb9f964a520fe6620e3	40.726118	-73.991614	70
4ab27150f964a520356b20e3	40.745979	-73.979270	13
4ab402d2f964a520816f20e3	40.666605	-73.780119	1
4ab52081f964a520a57220e3	40.756648	-73.988705	44
4ab6b1fff964a520987820e3	40.748344	-73.993741	16
4ab6c985f964a5200a7920e3	40.719896	-74.009989	4
4ab6d3cef964a520357920e3	40.716601	-73.950568	1
4ab79e30f964a520397a20e3	40.760540	-73.984624	132
4ab7e364f964a520587b20e3	40.750385	-73.986616	29
4ab994e1f964a520f17f20e3	40.782363	-73.980372	2
4abd6aaaf964a5202d8a20e3	40.649010	-74.015005	1
4ac289e3f964a5209f9920e3	40.769037	-73.981590	21
4ac2d629f964a520d79a20e3	40.723774	-74.005255	12
4ac67d85f964a5209fb420e3	40.745270	-73.992309	15
4ac7b7e4f964a52053b920e3	40.747761	-73.989701	17
4ac7e4a7f964a52065ba20e3	40.723035	-73.997416	64
4ac87dacf964a52038bc20e3	40.780585	-73.981106	7
4ac8d0d3f964a520b3bc20e3	40.774446	-73.963320	14
4aca4863f964a52036c120e3	40.748479	-73.988171	34
4acbd878f964a520ffc720e3	40.723049	-73.997347	5
4acd5d71f964a520ffcb20e3	40.744985	-73.994237	17
4ace4ad8f964a520afcf20e3	40.757632	-73.998553	1
4ace7b0cf964a520ced020e3	40.713374	-73.993652	4
4acf831cf964a52036d420e3	40.755792	-73.980372	4
4acfd2d1f964a52048d620e3	40.749745	-73.979545	15
4ad10eadf964a52058dc20e3	40.734972	-73.984682	4
4ad2b3d4f964a52083e220e3	40.782973	-73.973799	3
4ad46f88f964a520dde720e3	40.747091	-73.991330	22
4ad62042f964a5203b0521e3	40.760200	-73.970307	4
4ad6632ef964a520f00621e3	40.761050	-73.969414	13
4ad71cbaf964a520b60821e3	40.756427	-73.971975	4
4ad78cbff964a520140c21e3	40.784871	-73.955838	1
4ada8c45f964a520692321e3	40.749695	-73.986111	3
4adb1950f964a5205d2421e3	40.736482	-73.936030	5
4adbaf34f964a520012a21e3	40.759409	-73.987115	57
4ade4d40f964a520cd7421e3	40.718965	-74.000216	18
4ade6e6ff964a520dc7521e3	40.756067	-73.982491	5
4adfb640f964a520e57c21e3	40.745810	-73.988307	143
4ae0e432f964a5206e8321e3	40.774355	-73.963962	8
4ae0fa2ff964a5203d8421e3	40.768846	-73.982547	42
4ae4e445f964a5202b9f21e3	40.688915	-73.988888	9
4ae5a3fbf964a52034a121e3	40.766477	-73.968353	7
4ae5b10af964a5207fa121e3	40.756763	-73.984337	6
4ae626b1f964a52019a521e3	40.744338	-73.985455	23
4ae6f117f964a520a6a721e3	40.745077	-73.988676	69
4ae77379f964a5206cab21e3	40.715832	-74.007281	5
4af0ae0df964a52037de21e3	40.761661	-73.988091	25
4af22677f964a5202ee621e3	40.764372	-73.992182	5
4af57bcdf964a5205af921e3	40.723242	-73.990238	9
4af5a769f964a520e4fa21e3	40.756149	-73.993027	9
4af858d0f964a520680c22e3	40.748895	-73.992171	39
4af8965df964a5207d0e22e3	40.727560	-74.034022	11
4af973f4f964a520d91122e3	40.759659	-73.831572	12
4afadedbf964a520351922e3	40.761562	-73.985761	2
4afb479af964a520951c22e3	40.764334	-73.968864	11
4afc5938f964a520cc2122e3	40.762315	-73.978615	15
4afc81e8f964a520692322e3	40.756127	-73.982707	7
4afd0c79f964a520d32622e3	40.667381	-73.794780	10
4aff3ad3f964a520273622e3	40.744690	-73.999212	5
4b0017f7f964a520bb3a22e3	40.709272	-74.009228	5
4b00629ef964a520923d22e3	40.743687	-73.992837	7
4b007dc5f964a520dc3e22e3	40.764226	-73.980711	34
4b01f2a7f964a520c44622e3	40.740859	-74.007460	2
4b031b76f964a520b24c22e3	40.755994	-73.971492	2
4b035c8ff964a520ee4e22e3	40.726934	-74.005880	9
4b047a60f964a5207e5422e3	40.755021	-73.973347	22
4b04cc30f964a520a65622e3	40.746676	-73.991700	32
4b04f1aff964a520f05622e3	40.719918	-73.999050	4
4b05562cf964a520cf5722e3	40.764616	-73.975668	2
4b05f4dff964a52084e622e3	40.765266	-73.983247	10
4b060c0af964a520f8e722e3	40.755837	-73.997629	18
4b061faff964a520ece822e3	40.748285	-73.987677	13
4b06d8def964a52056f122e3	40.779863	-73.954559	1
4b07764af964a520cffd22e3	40.744588	-73.988779	1
4b07fb68f964a520e10123e3	40.753248	-73.966568	2
4b094f8cf964a520871523e3	40.759090	-73.984680	57
4b0ddcfbf964a5208a5123e3	40.764650	-73.963033	1
4b0e173ef964a520df5423e3	40.763962	-73.974035	6
4b0f454ff964a520036123e3	40.738030	-73.884583	8
4b105163f964a520b26d23e3	40.761171	-73.986826	21
4b105937f964a520616e23e3	40.798515	-73.959767	4
4b11f585f964a520868723e3	40.752186	-73.985517	3
4b148a41f964a52067a423e3	40.761756	-73.985496	5
4b158e31f964a520acae23e3	40.702525	-73.815455	1
4b17f7bef964a52079ca23e3	40.756080	-73.981410	4
4b181dddf964a52033cd23e3	40.709864	-74.013444	5
4b18552ef964a52009d123e3	40.766242	-73.978629	41
4b1b13ddf964a520bbf723e3	40.705121	-74.007992	30
4b1c3322f964a520210424e3	40.788944	-73.975094	3
4b1c9e1cf964a520ba0824e3	40.760689	-73.986403	22
4b1d097bf964a520540b24e3	40.751061	-73.984594	38
4b1d1678f964a520b90b24e3	40.753281	-73.934418	9
4b1ddd5df964a520ff1524e3	40.743954	-73.981387	3
4b1e3733f964a520ec1724e3	40.861700	-73.976011	17
4b207690f964a520743224e3	40.749110	-73.983956	2
4b20c078f964a520693424e3	40.756131	-73.971556	18
4b210991f964a5203e3624e3	40.763267	-73.985667	9
4b2571cff964a5200f7224e3	40.764840	-73.978747	4
4b2bcc28f964a5202ebb24e3	40.760827	-73.969421	4
4b2ce870f964a5209cca24e3	40.750130	-73.980894	8
4b2d0848f964a520bbcc24e3	40.734573	-73.988212	2
4b2fc63bf964a520a9ef24e3	40.755581	-73.988091	4
4b32d749f964a520df1425e3	40.744672	-73.984475	32
4b37853af964a520c54125e3	40.775186	-73.963302	14
4b39113cf964a5206e5525e3	40.763648	-73.979746	6
4b3b5055f964a520647225e3	40.750350	-73.977582	5
4b3c14d5f964a520828125e3	40.667191	-73.793981	18
4b400cf4f964a520e2b425e3	40.748319	-73.987890	7
4b494c3df964a520c36c26e3	40.755876	-73.940910	6
4b4a3fe9f964a520bb8026e3	40.793570	-73.971998	2
4b4ba81df964a5200ba326e3	40.757048	-73.983466	6
4b4bbe3ff964a52016a626e3	40.759841	-73.986168	9
4b4bee2ef964a52078ab26e3	40.756650	-73.992400	17
4b4ce0d1f964a520b9c226e3	40.767816	-73.985049	18
4b4e71caf964a520f8ed26e3	40.756087	-73.981789	24
4b4f866bf964a520020a27e3	40.782416	-73.981089	3
4b4ff2adf964a5201b1a27e3	40.769448	-73.880238	7
4b515b87f964a520a84b27e3	40.774455	-73.982954	3
4b539a2df964a5202ea427e3	40.756480	-73.985447	2
4b53f852f964a520c1af27e3	40.754569	-73.854044	20
4b5498eef964a520d3c127e3	40.754648	-73.853901	16
4b560084f964a52054fb27e3	40.760180	-73.972857	4
4b563c76f964a520c10628e3	40.761519	-73.983121	10
4b5668d6f964a520370f28e3	40.722155	-73.988762	55
4b56ae4ef964a520711828e3	40.750411	-73.974166	14
4b58b0a5f964a520d66528e3	40.756977	-73.992620	6
4b58f9c2f964a5206b7628e3	40.751920	-73.979115	4
4b5b0aa8f964a52063e028e3	40.724944	-74.035500	17
4b5bbca6f964a520451329e3	40.738549	-73.985554	5
4b5f1d23f964a520d1a629e3	40.757255	-73.983867	4
4b5f7f20f964a520c9bd29e3	40.743778	-73.990449	3
4b638b5df964a52054822ae3	40.725051	-74.035569	9
4b64aeeef964a52036c82ae3	40.755222	-73.936594	3
4b65f260f964a520510a2be3	40.744391	-73.986896	1
4b65fd87f964a520f00c2be3	40.745909	-73.987956	1
4b678ba3f964a520a6542be3	40.743128	-73.990345	2
4b697cd2f964a5203ca42be3	40.795624	-73.972147	3
4b6b57aaf964a52024022ce3	40.666342	-73.784583	7
4b6b98d4f964a520ce112ce3	40.752113	-73.981301	8
4b6ece0bf964a52051cb2ce3	40.718347	-73.995259	4
4b709c46f964a5201e252de3	40.749674	-73.995420	1
4b70cb2cf964a520e32e2de3	40.759676	-73.978887	9
4b7447ecf964a52045d22de3	40.677946	-73.984509	2
4b77115af964a520ea792ee3	40.757379	-73.988286	31
4b7745a7f964a520a88d2ee3	40.729461	-73.989825	1
4b774665f964a520f28d2ee3	40.721398	-73.992728	1
4b775145f964a52080912ee3	40.755752	-73.982162	8
4b78b038f964a520e3dd2ee3	40.718630	-73.990038	1
4b7a05e0f964a5207b1f2fe3	40.767827	-73.905741	11
4b7a18a5f964a520d0222fe3	40.749771	-73.976142	2
4b7a3c1ef964a52018272fe3	40.780298	-73.946121	10
4b7eec6ff964a520c00930e3	40.756044	-73.981428	6
4b7f653ef964a5202f2c30e3	40.752792	-73.974799	5
4b807815f964a520357530e3	40.836189	-74.004584	1
4b80b1cff964a520ad8630e3	40.760742	-73.987512	6
4b80c844f964a520cb8b30e3	40.665648	-73.784870	46
4b8209ccf964a520b1c830e3	40.738082	-73.852130	2
4b8271b4f964a52034d330e3	40.764202	-73.982948	10
4b849c42f964a520273e31e3	40.759237	-73.983781	3
4b85c708f964a520677231e3	40.806882	-73.990019	1
4b86dbe2f964a52035a231e3	40.851800	-74.013948	1
4b86e91ef964a5206ba531e3	40.751008	-73.984705	8
4b897df1f964a5209e3b32e3	40.739094	-74.027330	13
4b8981c2f964a520103d32e3	40.761878	-73.971580	3
4b89ab0ff964a5207a4a32e3	40.759161	-73.969292	2
4b8afdb0f964a520038d32e3	40.756247	-73.972692	1
4b9180dcf964a5204dc133e3	40.710198	-74.013226	7
4b93baf1f964a520de4e34e3	40.723725	-74.036390	41
4b953e8af964a5207e9734e3	40.765569	-73.978825	2
4b96058ef964a5206bba34e3	40.765836	-73.969162	1
4b96d2abf964a520eae634e3	40.844333	-74.014549	2
4b96fd33f964a52023f234e3	40.865855	-73.973679	1
4b99ab04f964a520e38a35e3	40.769328	-73.876039	6
4b9a32bbf964a52012a435e3	40.767574	-73.867350	8
4b9a742df964a520b4b635e3	40.748710	-73.974839	6
4b9ab387f964a52067ce35e3	40.753542	-73.986076	14
4b9bccf9f964a520c12636e3	40.639490	-73.979769	5
4b9c6ac8f964a520276736e3	40.793081	-73.972354	7
4b9eb7dbf964a52040fc36e3	40.736256	-73.934263	7
4b9efceaf964a520950e37e3	40.759924	-73.996154	5
4b9fa9bcf964a520c43237e3	40.765222	-73.971407	1
4ba02a6cf964a520de5e37e3	40.762232	-73.983356	8
4ba06349f964a5208b6b37e3	40.785483	-73.981846	1
4ba12f00f964a520cf9f37e3	40.755128	-73.973289	2
4ba55874f964a5204cfd38e3	40.746888	-73.986587	6
4ba6812af964a520e75839e3	40.758417	-73.984756	20
4baa2e49f964a52005513ae3	40.749297	-73.976233	2
4baae1fbf964a520f38b3ae3	40.744062	-73.995769	1
4bab688ff964a52011a73ae3	40.678388	-73.948745	5
4bace21df964a52084153be3	40.764348	-73.977910	3
4bb0d04cf964a520605f3ce3	40.758839	-74.023840	30
4bb0fff5f964a520a2713ce3	40.823038	-73.924349	2
4bb14823f964a5204e893ce3	40.747091	-73.987201	4
4bb2532b35f0c9b6721fbb83	40.763666	-73.831157	7
4bb49ebbd1b0c9b69e169daf	40.749590	-73.972055	20
4bb5664b2ea195216379aa2f	40.773431	-74.041112	9
4bb637dcef159c74d09975f7	40.755767	-73.982329	7
4bb9534d3db7b713503d229a	40.756636	-73.992276	17
4bbcc82aa8cf76b0f6f1b0fd	40.725617	-74.005554	56
4bbf8a28f8219c74a127b010	40.744017	-73.983063	65
4bbf930ab492d13afce3a260	40.790968	-73.973846	1
4bc19d1e920eb71359fe1a2c	40.752133	-73.991465	58
4bc25fcb4cdfc9b6d3149621	40.762240	-73.981778	8
4bc36fd8dce4eee16c9a719d	40.705904	-73.817234	5
4bc37c55dce4eee17ca0719d	40.696015	-73.905064	1
4bc382ebdce4eee1c8a2719d	40.738990	-73.848617	1
4bc3904ddce4eee1ada8719d	40.668451	-73.781212	1
4bc395cddce4eee1c6aa719d	40.744070	-73.927828	20
4bc3a08fdce4eee13faf719d	40.752769	-73.938838	4
4bc3bbf0dce4eee187ba719d	40.750081	-73.941438	9
4bc3bd01dce4eee107bb719d	40.665714	-73.805873	9
4bc3ca21dce4eee1e4c0719d	40.771732	-73.844311	7
4bc41419dce4eee149ec719d	40.773392	-74.040942	2
4bc41a5adce4eee190f0719d	40.618735	-74.032482	1
4bc41a66dce4eee197f0719d	40.770329	-73.869914	3
4bc45063dce4eee18e16729d	40.720852	-74.034076	2
4bc4baedd57beee15cc3479f	40.752101	-73.935585	3
4bc4f73c0191c9b6d2e8eab1	40.761853	-73.983135	50
4bc50e896cccd13a55b5ff8b	40.708015	-74.001428	4
4bc7ab4c14d79521c6e367e9	40.709247	-74.013551	49
4bc90f8b0687ef3b7855d9cc	40.705712	-74.005914	1
4bc9f83ea276eee101356202	40.765365	-73.978326	1
4bcbd07e3740b7133e406365	40.740090	-73.982409	2
4bcc4051cc8cd13a4d8dc0cf	40.755723	-73.971952	6
4bcce45c68f976b0e57e6383	40.746254	-73.983253	3
4bcd879db6c49c746d739591	40.776241	-73.977634	6
4bcdc6bd937ca593fa40ad92	40.752871	-73.981330	50
4bcf3d020ffdce72704db2c0	40.757943	-73.964743	1
4bcf3d210ffdce728c4db2c0	40.761829	-73.760671	1
4bd104079854d13a4502f94d	40.745111	-73.933933	1
4bd1a9575e0cce7290cca184	40.665688	-73.784414	6
4bd1bb325e0cce7263e7a184	40.584270	-73.938520	6
4bd27d4577b29c74eafb8e82	40.754641	-73.991458	2
4bd2ecbf9854d13a017efc4d	40.755937	-73.941400	4
4bd33759462cb713fdd7dd07	40.760069	-73.982977	4
4bd397d677b29c74cd489182	40.747982	-73.978386	2
4bd5c1349649ce72809e511d	40.729153	-73.904701	12
4bd72ade304fce72ed2a33ab	40.771255	-73.833966	3
4bd75116304fce72985e33ab	40.667261	-73.798299	128
4bd7c48f304fce72af0034ab	40.708556	-73.797483	1
4bdee416fe0e62b562070606	40.683756	-73.806809	4
4be078024c55b6514072eab7	40.746464	-73.986099	1
4be0906d4c55b651f575eab7	40.663012	-73.998128	2
4be16fb18dd062b5de473e3c	40.691479	-73.984563	13
4be1aea140c0ef3b4f55bed6	40.721948	-74.004670	8
4be1e59cedbb0f47620ca715	40.760470	-73.989678	1
4be65a60d4f7c9b6fabb2620	40.718732	-73.992848	3
4be7384e2468c9280b410243	40.746809	-73.991465	1
4be9815761aca59349988200	40.764505	-73.972444	2
4bec60a5f909ef3b2808a9c6	40.747046	-73.989937	56
4bf0b12224f020a1e36b684f	40.747620	-73.986706	4
4bf1cd74324cc9b6367acc92	40.738137	-74.009358	26
4bf709335ec320a1214286d3	40.754304	-73.973186	1
4bf844095ec320a1147588d3	40.727518	-74.005668	7
4bf9bcfdb182c9b69a78795a	40.753889	-73.949146	23
4bfd63edf7c82d7f831d8e04	40.744058	-73.983958	163
4c0048a137850f47a410983f	40.728398	-73.978799	2
4c088b82bbc676b0e4d046d5	40.671782	-73.844026	3
4c1167ed72caa5938d765da4	40.720292	-73.988050	1
4c15314ba1010f474ea14d18	40.744233	-73.983586	1
4c158ccda1010f47174a4e18	40.759315	-73.990868	3
4c22de9811de20a198a685ce	40.717413	-73.995208	3
4c23c9aca852c9283c11e26c	40.722646	-74.004951	13
4c2656415c5ca593f8fd45fe	40.742826	-73.983144	1
4c2caafb8ef52d7f823a33ba	40.720681	-74.004217	26
4c2cdf2d8ef52d7fed9933ba	40.758505	-73.989143	130
4c34ce5909a99c7453420c2a	40.762581	-73.979686	4
4c37d0f493db0f47db922092	40.710113	-74.013507	3
4c3a61e13849c92843eec2b1	40.861987	-73.975860	2
4c3e54c3b8b4be9a2a09ccef	40.745716	-73.993577	23
4c405bd8d7fad13af8cd05da	40.744791	-73.982105	12
4c409fb63735be9a422317a4	40.705817	-74.007310	4
4c411b793735be9af30318a4	40.758306	-73.994392	1
4c449f16429a0f470500491e	40.705520	-74.006053	1
4c45fdcff9652d7fd2c4132b	40.756536	-73.982294	8
4c4d7ed51b8e1b8d4dabb225	40.754369	-73.935665	11
4c50cd3b0ef3a59330c8eb7a	40.777048	-73.977622	2
4c5b786d7f661b8dc433461c	40.756632	-73.984544	13
4c5f09fb85a1e21e18cc5d11	40.767635	-73.982994	9
4c6814c11c91a593d40cef07	40.758145	-73.975451	2
4c6825fcd9c7c9b6b492c31a	40.681391	-73.984509	2
4c6c518d1fb2a143b123fbe6	40.747477	-73.986225	5
4c7d99f29221236a86d87f3d	40.801871	-73.966695	1
4c7f92eb2042b1f7182ac3ad	40.754557	-73.977272	1
4c80ec0ddc018cfa0463c06c	40.746154	-73.983097	5
4c837b86d34ca143d6c73580	40.653649	-74.006426	1
4c843dbfd34ca143fd483d80	40.761995	-73.759912	3
4c87b045d8086dcb7337a452	40.809114	-73.951788	12
4c9a84efdb10b60c7b5c936d	40.764128	-73.974858	1
4ca634fba6e08cfab5607894	40.758917	-73.989388	2
4caf6853aef16dcbcb46a854	40.756840	-73.992337	2
4cb13a02cbab236a4787a773	40.751555	-73.976940	1
4cbadc5f7148f04d50f7deab	40.762162	-73.983528	26
4cbc55ca7a5d9eb0b25c31e9	40.755785	-73.991603	41
4cc240c54fcfbfb71640bd24	40.755836	-73.991862	2
4cc5e3de06c254813e2e9f47	40.761530	-73.985531	4
4cc6f427c844721ee69bf701	40.749996	-73.983607	36
4ccb4978ee23a143d34c16a8	40.749919	-73.983608	7
4ccca68caa25a35d7365160f	40.665590	-73.785019	3
4ccd3c762dc437040124cd08	40.734616	-73.996108	4
4cd37f469828b60cc00dd684	40.697499	-73.958739	1
4cd4422272a1a1cd61d56951	40.782123	-73.976096	1
4cd54de87da9a35dc8a3e8b9	40.720728	-73.995095	5
4cdb3c0799026dcb46a30b81	40.762126	-73.980303	7
4ce47c1fe1dba35dee827c88	40.728839	-74.004693	1
4cec13060f196dcb7b8e5bae	40.719746	-73.999872	147
4cf021c094feb1f703420fba	40.703985	-74.012618	40
4cf192687bf3b60c499a607f	40.765038	-73.975022	1
4cf3c1946195721e6e904ec1	40.660184	-73.998482	2
4cf6f7a471538cfa5fd2b82e	40.744367	-73.989020	2
4cfac12efeec6dcb78254236	40.757589	-73.989388	5
4cfe5cf120fe370466f964f8	40.746234	-73.990978	9
4d1b7e9502a66dcb92846965	40.755337	-73.973634	6
4d219b3c2eb1f04d1f6ff9c1	40.671625	-73.961288	2
4d305f655acfa35d9480f8cb	40.752572	-73.853820	2
4d52f677253d6a314aa77629	40.750398	-74.003425	49
4d53a2c5a9378eec634eb2c4	40.719652	-73.999672	42
4d5b10487c3b224b83dd23af	40.749131	-74.006764	7
4d5c99ae9ac9a0932f957294	40.696843	-73.900419	1
4d6b2a182bf05481869ecced	40.745726	-73.993680	53
4d7ad1263fbf6dcbb60b6423	40.758635	-73.983270	13
4d7c5f03ace96a311c215691	40.668872	-73.992969	3
4d84217d50913704ab4b795b	40.767405	-73.867035	5
4d87fbbc76e1236a36cbe842	40.709564	-74.014540	1
4d8a4305401a224b94499e18	40.736784	-73.928053	6
4d900c2e1716a143175d59f7	40.790829	-73.979046	15
4d94bc6858caa1433db8b225	40.691722	-73.984406	56
4d95141361a3a1cdc6e27b42	40.750663	-74.003981	12
4d9c92f4baae54815f2cde64	40.741990	-74.003584	121
4d9e0e8d7509b1f78fca4fa0	40.743926	-73.989290	14
4d9e5fb52052f04d07c8b494	40.715325	-74.009525	32
4da5dd2fcda1c55f755f88c5	40.759310	-73.995281	124
4da7a1b8a86e68edb7cc3419	40.756819	-73.981858	8
4db352730437fa536a126006	40.767443	-73.867086	2
4dc7149c45dd26455299e1ac	40.763159	-73.979545	15
4dcf1958887785124409b2d8	40.749554	-73.977410	13
4dd08551d164679b8d32f9cb	40.699251	-73.959181	1
4dd45b2a7d8b194450c12f46	40.700884	-73.940451	3
4dd67a228130756995aa5161	40.680582	-73.983706	3
4ddac1a618509aa34b3fee4e	40.768357	-73.984814	1
4de138821f6ece64738e965a	40.720198	-73.963595	1
4dece08d636555593e5e75a7	40.720974	-73.955680	15
4ded0d52fa766152f05831dc	40.755533	-73.987838	1
4df142ca18386ecb4e26dad1	40.752134	-73.947537	5
4df2d91c1f6e818dadfef191	40.679216	-73.983209	1
4dfa7f1c8877b30c3988120f	40.751874	-73.947730	16
4e041b5a1f6e97fbec31a20f	40.691706	-73.984475	11
4e0561c145ddb2875c3db275	40.759485	-73.977846	1
4e0cfe6ae4cd27fc7d21976c	40.744030	-73.984039	61
4e10fcdb1495c8d31bc32a56	40.609096	-74.036057	3
4e14e55a8877cd57120953d6	40.721957	-73.993671	5
4e1a3d87483b5cfa49dc563a	40.742490	-74.003981	2
4e1c7893fa76c49a16e2b349	40.764372	-73.975786	2
4e1f35aecc3f012b97570e86	40.755596	-73.981912	1
4e26df8b1f6eb1ae1399899e	40.754635	-73.983672	2
4e4497e6b0fb71d21984d973	40.762128	-73.979373	2
4e4d0187b0fb57f6f224d075	40.751764	-73.976549	3
4e4e499abd4101d0d7a6e5be	40.765444	-73.976038	1
4e4e99141f6eae4d250da9a9	40.753130	-73.973438	4
4e652883b0fb188e8edc1e09	40.796667	-73.970528	1
4e72832fae60854eea3c1bb9	40.735223	-73.994149	5
4e754ddafa76059700f5d0b3	40.748587	-73.986891	5
4e760aa5b61c22c638709910	40.721961	-73.958110	67
4e8ee7de93ad4c1d6dba1c29	40.680028	-74.005892	4
4ea254a3e5facb29c73a3de6	40.730168	-73.992969	1
4ea866a32c5b8e25be75cd21	40.724755	-74.036114	3
4eab2334722efacf27a74e6c	40.724926	-74.035437	2
4ead72404fc61478cc7c0390	40.759692	-73.996503	52
509d6b9be4b05e06b45517b1	40.590468	-74.238971	1
4ec2c270722e1441c645d816	40.756909	-73.985158	3
4ec6d0b4be7ba4fc6da4febd	40.727834	-73.990897	42
4ecdace2b634dd298e74c0e2	40.792368	-73.945761	1
4ed0135e61af476c0831eda5	40.759335	-73.995482	3
4ee0eb7f1081e7177cac10b0	40.749541	-73.977733	69
4ee2659f61aff90fe487904f	40.753770	-73.994662	15
4ee3cf579a52c1dad9af95b5	40.710183	-74.013186	12
4ee3f6534690f8894018e58f	40.808490	-73.963779	1
4f04ad3d6da1b97b167b2a86	40.753483	-73.933855	3
4f1e80a7e4b0475dfa19b288	40.754247	-73.994079	6
4f1f27dae4b0294b34642de5	40.695024	-73.926381	1
4f1f9eede4b09603a43a09ac	40.747208	-73.987330	13
4f22ca77e4b0ed3396a83a05	40.714974	-74.015653	40
4f25a574e4b04b5526a8100b	40.753207	-73.973335	21
4f28739de4b026481c9737ff	40.756314	-73.991540	1
4f2da6ede4b04551c03302de	40.714407	-74.009233	1
4f2f5072e4b05a84d9ddd282	40.773373	-73.928838	1
4f35cc8d0cd62ecedc53c8db	40.667489	-73.795702	11
4f519e76e4b0061513b78d77	40.770908	-73.864887	17
4f56f3fce4b0925ee160ed69	40.757232	-73.983792	3
4f6732b1e4b015497da7e83a	40.756984	-73.981531	5
4f6a7009e4b05595b4b092b7	40.667444	-73.796026	1
4f6e4bcee4b0dca2e13ba7d1	40.733494	-73.989962	5
4f70fe93e4b0a89fa40bef90	40.753261	-73.986667	1
4f713085e4b0ebf909a52ad0	40.747733	-73.982093	1
4f7f7611e4b09855f239377e	40.749524	-73.951857	11
4f80a871e4b0a6d0b654f7dc	40.754471	-73.963228	39
4f860f7de4b0f18937861f61	40.745092	-73.988395	36
4f878fd2e4b0089de7316f49	40.667686	-73.786461	5
4f9717bde4b000e74c1efedd	40.750480	-74.003367	6
4fa81843003978757a0548db	40.719258	-74.001653	3
4fad2b6ae4b0d8a3db986e25	40.753280	-73.980481	2
4fadc40de4b0efef5e702b95	40.715000	-74.015756	6
4fafdee5e4b097c37ec9ff4d	40.606522	-73.999981	1
4fb040337716d2bd6a2880c3	40.756149	-73.972192	3
4fb339bee4b0643f9b553c5f	40.830952	-73.884577	2
4fb43307e4b0557240b5643d	40.764091	-73.975338	2
4fb48535e4b02faa1c408950	40.721920	-73.958136	22
4fb51081e4b06fedadd7d09f	40.758503	-74.023927	1
4fb56f36e4b0134f9d02a76c	40.715054	-74.015682	3
4fbb444be4b0b67c8621e429	40.744071	-73.987094	1
4fbeeadce4b0647085355f5e	40.867205	-73.974328	3
4fc044fee4b019ad9a1daf41	40.757970	-73.985583	1
4fc2996be4b06f6d23a699fe	40.746831	-73.984940	2
4fc2ef9be4b0cec932c137a5	40.755391	-73.996194	1
4fc5aa42e4b0c6d2d632ec7b	40.754658	-73.991448	1
4fd5bcdae4b0b56919bb6d44	40.761523	-73.979453	1
4fd6211a7b0c4fe0bedb171d	40.656550	-74.003413	6
4fd64e82be77e3edfd8a8646	40.747094	-73.990259	8
4fd8c523e4b067696ac236be	40.693452	-73.988670	4
4fde5d0fe4b04e7e2a15124d	40.744605	-73.984314	22
4fdea9dc2eedc6ea7374b31b	40.743782	-73.983878	2
4fe0634b7beb303528d17f94	40.749224	-73.976687	18
4fecbfcfe4b0da6bb723d19c	40.774278	-73.963279	1
4fee528de4b0ff692b742ed4	40.720922	-73.955628	3
4ff44c06e4b003534acb1ff1	40.743926	-73.984291	3
4ff5dc5ee4b03e29575d9222	40.758331	-73.987850	3
4ff6e46764a40b36eb17ac2c	40.781208	-73.840892	3
4ff88189e4b0fb4a83db3b1b	40.691302	-73.984211	1
4ff88e5ae4b03e2958826a78	40.780600	-73.945388	1
4ff9d504e4b0a7f741bc0c39	40.804935	-73.939240	1
4ffae44ae4b08a4c74218aa0	40.752271	-73.985433	9
4ffb515fe4b046a814591de2	40.719743	-73.999821	3
4ffe01cae4b0396b16f23fea	40.769283	-73.867109	1
50041cdce4b04c8e760886c9	40.758297	-73.987924	8
500c085de4b0092312d34f62	40.741869	-74.003252	2
50141a65e4b035d9f4887aae	40.757339	-73.983855	5
501ba33ae4b084a4c48400aa	40.667326	-73.798410	1
501cad3ae4b04798bb8eea37	40.762330	-73.981473	1
501fa14fe4b0bd21f04cac95	40.716773	-74.032018	2
502a7c4de4b0c9031028c30d	40.754921	-73.972629	2
50364c57e4b06e970409707b	40.758297	-73.994535	1
5042e0c8e4b0379867f5aa0b	40.759744	-73.986116	3
50451c40e4b074fa44ebca7a	40.750558	-73.974064	25
5048fc2ab0ed016a840aaac5	40.769053	-73.982824	1
504a8d6ce4b03c3db0e55e76	40.724091	-73.991109	1
504ad9d4e4b00c010811890b	40.727897	-73.991304	1
504bccece4b03e4ad96ce7a1	40.760674	-73.833909	1
504fab5de4b02c1144863d8a	40.754347	-73.994088	2
5057c7bae4b092540b1e11a5	40.758256	-73.984016	1
505a7b91e4b0279819b67943	40.756204	-73.993052	7
5061a3f4e4b00bc612d42ae3	40.746678	-73.984934	5
5061af94e4b0939b05783408	40.736294	-73.996652	5
506ad5fbe4b012a83db35a2d	40.746070	-73.975929	1
506ad65de4b026f7d0c10ffc	40.749713	-73.974225	2
50723ab2e4b0d7b67ff45de4	40.763372	-73.986616	7
5080e2d3e4b0361f6557446c	40.782659	-73.948665	1
50875418e4b095f041bb627c	40.756082	-73.972181	3
50901edfe4b0ae9e17973984	40.760795	-73.832358	1
509165abe4b031cde24e0402	40.752298	-73.993720	1
50929b96e4b0fdce5886aa94	40.757390	-73.989250	1
5093c236830214706abb75db	40.761675	-73.984755	1
50990d0ce4b0377709d36d84	40.744264	-73.986392	2
50a3edf1e4b056487ea5e971	40.717164	-73.995247	4
50a539dd8aca7f0bfec61a72	40.762325	-73.982352	1
50a9a45ee4b0eaea6f495e06	40.744149	-74.004067	1
50b4c5f9e4b04d4b63928ea7	40.755638	-73.972956	1
50b8154ae4b09a8560ff33e4	40.736753	-73.928028	4
50be98d9e4b0730abe549b65	40.750523	-73.974121	6
50c0f9e8e4b0c4d42fd2fdf3	40.751408	-73.935176	4
50c2e080e4b009e3bb96f660	40.760911	-73.975246	1
50c5368de4b0a6a6504dbcc6	40.680623	-73.983390	1
50c6909ce4b0dae47e7fc1c6	40.758160	-73.984085	1
50c6ac06e4b089d01717e0a5	40.744495	-73.984573	3
50ca6fcfe4b02eda344e10a4	40.748511	-73.987230	13
50cb6601e4b0d0701b7878b5	40.755910	-73.970947	10
50d663e8e4b07954384295fe	40.767642	-73.983201	1
50e1bb2ee4b070c038966b9a	40.749885	-73.978380	1
50e296fde4b07dd5f063a549	40.715679	-73.964059	1
50e8f023e4b0dabfadf913ae	40.755217	-73.971975	2
50f54dc7e4b0e3ab9b871ad2	40.711411	-74.011002	1
50fdeedfe4b0afd60ccd7293	40.757550	-73.986042	2
50fe64e8e4b04f8567551191	40.758211	-73.985508	2
510ad6e2e4b0a2ecec03b322	40.711733	-74.011344	17
510c1016e4b0b0ec5fb6b94c	40.764680	-73.973002	2
51107f96e4b093717be0ced8	40.719499	-73.995098	3
51132183e4b0f41d6998d8dd	40.750407	-73.986174	4
5113bcb0e4b097f5fae79522	40.750674	-73.985916	20
5115fc0ee0e2c166b2607a7f	40.762244	-73.979734	1
511ba236e4b06f0b9509805c	40.718437	-73.986558	2
511ba9a4e4b0dbbd8c9ccb2a	40.750473	-73.985847	2
51220ad0e4b09c4653bfae3d	40.758120	-73.985284	1
51310aa1e4b077280aa56d46	40.761923	-73.980268	1
513515c0e4b0d7ac3bbe3db9	40.750962	-73.972388	1
513bb869e4b02357e141bc98	40.771713	-73.953384	2
5145c277e4b0cec0809bad8c	40.758879	-73.983629	4
514892a17ab477419466188b	40.764153	-73.994304	7
514c4076e4b0ee6e09e6dc25	40.714872	-73.985065	1
515a1b3ee4b0f84f522c4b7f	40.745918	-74.005347	1
51648fa9e4b0094709336aba	40.751998	-73.994857	1
518907b0498e1bdcf2664496	40.749862	-73.983551	6
51997009498e6cd45a287943	40.751233	-73.984618	1
51a169a9498e9aef2967c049	40.754360	-73.992556	1
51a51fa7498e46904bb14c15	40.769079	-73.867247	2
51aa9bdd498e83fce5737fc7	40.721888	-74.004681	7
51b7908d498e81a1542dbf80	40.750418	-73.986788	2
51b85180498ebcba70afcbad	40.693594	-73.987809	1
51b91e37498e72946e18b8ef	40.584756	-73.819503	2
51bde410498eecfeded630f2	40.761700	-73.980085	1
51dd7ae5498ec99904c732ff	40.758814	-73.987327	1
51df22d5498e3fab1d0ec106	40.721174	-73.956587	1
51e4c2c9498e275a3b7435cf	40.768051	-73.970425	1
520a0dbd11d20ecbaa329d88	40.806973	-73.989906	1
521623e211d20c6ae49e16aa	40.750516	-73.986042	4
5234cabd11d28190d66bb6d5	40.755578	-73.985088	1