4b9c6d05f964a520c86736e3	40.620626	-74.246066	49
4bda5808a8d976b0c67e0cb5	40.626362	-74.172745	42
4bec676c75b2c9b6ca6f438d	40.559584	-74.163909	14
4da3c085d686b60c403ad328	40.629715	-74.251573	3
3fd66200f964a5202ce71ee3	40.728449	-74.004532	40
3fd66200f964a520d4e61ee3	40.725741	-74.006736	6
40fdb200f964a5203d0b1fe3	40.721720	-74.006317	9
41005500f964a5204d0b1fe3	40.705238	-73.930349	2
422b9980f964a520cf1f1fe3	40.723290	-73.989967	90
42f00900f964a520b9261fe3	40.731198	-74.001573	126
42f15a80f964a520ba261fe3	40.760350	-73.983907	2
43713c00f964a520ff291fe3	40.724873	-73.990142	10
439ab2a9f964a520d12b1fe3	40.686675	-73.977749	81
43c67bdff964a520722d1fe3	40.734114	-73.993325	20
43d3a659f964a520212e1fe3	40.684886	-73.994518	42
440bdf9cf964a52079301fe3	40.773649	-73.984022	47
446b3856f964a5205b331fe3	40.709938	-73.951023	1
4471c143f964a5209d331fe3	40.698720	-73.992372	8
44ddb109f964a520c0361fe3	40.761883	-73.966034	18
451d2920f964a5208d3a1fe3	40.756994	-73.989079	262
45aa540af964a52032411fe3	40.736003	-73.995881	17
45ac1361f964a5205f411fe3	40.720787	-73.843660	36
45bca695f964a520ff411fe3	40.661555	-73.979924	38
466ec638f964a520b7471fe3	40.738508	-73.989979	74
4691e9b3f964a520c2481fe3	40.725777	-73.997433	104
49e7ce15f964a5201d651fe3	40.714918	-74.015062	160
49f682ddf964a520496c1fe3	40.760868	-73.964988	1
49f7456af964a5207b6c1fe3	40.717493	-74.012141	47
49f76c05f964a5209b6c1fe3	40.764525	-73.978105	21
4a070b6ef964a5201d731fe3	40.779267	-73.953786	81
4a32e902f964a520bd9a1fe3	40.809253	-73.944578	3
4a4138ebf964a520f9a41fe3	40.744819	-73.998048	280
4a46c0b1f964a52065a91fe3	40.809912	-73.951893	44
4a4a66d4f964a520c2ab1fe3	40.765360	-73.960915	8
4a57ec9ff964a52015b71fe3	40.764064	-73.974104	15
4a593f19f964a52018b91fe3	40.633307	-74.020502	9
4a617558f964a52071c21fe3	40.763110	-73.979557	82
4a784c5ff964a5205be51fe3	40.719929	-73.986533	1
4a7ba3bbf964a5209beb1fe3	40.774733	-74.035231	1
4a7cd0bcf964a520bced1fe3	40.770825	-73.982162	33
4a942dfbf964a520a82020e3	40.740450	-73.996494	1
4aa03bf2f964a520d03e20e3	40.763108	-73.970000	3
4aad54f5f964a520be5f20e3	40.778338	-73.953522	45
4ad7a539f964a520320d21e3	40.763316	-73.962150	9
4ad8ea88f964a520f01521e3	40.743747	-73.921782	13
4ada0b96f964a520b61d21e3	40.690539	-73.991999	119
4aecc67ef964a5201ccb21e3	40.708979	-73.829722	6
4af5d9b3f964a520ccfd21e3	40.733085	-73.794337	1
4aff463ef964a520c93622e3	40.763054	-73.970414	8
4b172b74f964a52052c323e3	40.729077	-73.991603	1
4b1ed12bf964a520fc1f24e3	40.762680	-73.980452	3
4b2185c9f964a520393d24e3	40.758309	-73.987195	4
4b2ab71df964a5203fae24e3	40.761347	-73.984268	3
4b37c33cf964a520b54525e3	40.725023	-73.821467	2
4b3fde20f964a520e3b025e3	40.789750	-73.729780	4
4b43c3dff964a5200ce925e3	40.719489	-74.010178	2
4b4a486bf964a520368226e3	40.740974	-73.784341	96
4b4cfc15f964a5209fc626e3	40.760325	-73.983689	12
4b5c8c80f964a520ea3529e3	40.771586	-73.836443	86
4b6884a6f964a520767d2be3	40.761373	-73.960426	22
4b7893e3f964a520ffd72ee3	40.709901	-73.846900	12
4b7b20abf964a520fd522fe3	40.761349	-73.984405	4
4b845967f964a5202a3031e3	40.762757	-73.977865	8
4b90584ef964a520648533e3	40.726284	-74.000343	2
4ba3f4e5f964a520637138e3	40.761213	-73.965030	4
4ba3f708f964a520367238e3	40.720906	-74.000475	1
4ba59f34f964a5205d1739e3	40.836128	-73.860471	10
4baeb44cf964a5208bd03be3	40.778924	-73.779096	28
4bbaa724cf2fc9b64adaa102	40.807800	-73.988389	2
4bd606987b1876b047d58b86	40.717431	-74.012296	24
4be5bb648a8cb7132a6ac4a0	40.764102	-73.973766	2
4bec855bc43f2d7fd407dcd9	40.813021	-73.943723	2
4bedecf4946c0f478d2fa363	40.717330	-73.989527	1
4c0ae380340720a1ad4d8793	40.714792	-73.966505	9
4c1b0e6a8b3aa593b3ae965f	40.702446	-73.987149	4
4c292e1f3492a593f38db828	40.746752	-73.883745	2
4c294bacce3fc928059b6e88	40.702669	-73.800231	5
4c5098e5375c0f4720f79392	40.611613	-73.917471	1
4c64a450c74c1b8d4731b283	40.713891	-74.014657	1
4c7c67f1aa3ba09348d6aa74	40.705428	-73.930151	1
4c9a21d0a004a1cda28a456e	40.763117	-73.977714	4
4cad42902f08236ac1d49261	40.773473	-73.983736	7
4cb6ddc6b315a09359be9e76	40.761499	-73.865995	1
4ccb72f9c9b84688f816b6c3	40.708361	-73.869670	1
4cdc83bffc97370480fad505	40.780691	-73.974983	3
4d2dee0e774f76ebc5f89533	40.720853	-73.846441	6
4d4ac4a094ab2c0f4230250c	40.715275	-74.004911	1
4d546ac796ed54819580fd6f	40.761217	-73.976934	4
4d55187ed0a72c0f1de71a7c	40.761183	-73.957603	2
4d603156149637042eede194	40.762669	-73.969051	1
4d62d37d1ee8721ee950c521	40.836965	-73.857553	3
4d69ad9a2acd6ea8585c3dc0	40.707056	-74.016164	3
4d6c1167df3d6ea8db37d926	40.773473	-73.983006	30
4d6fe1730187236a6d94a2ba	40.719398	-74.004844	1
4d7bc39ef260a09323942dba	40.781830	-73.973313	3
4da491f6593f8eec9a257e35	40.716220	-73.962286	81
4daf34ea6e814e9939f2446d	40.714538	-74.014442	2
4db1f0706e81a2637ef75be7	40.746077	-73.999849	3
4db747d11e7206c23ceff8d1	40.731397	-73.988527	9
4dbdad4e6e810768bf7c4ef8	40.810177	-73.951645	5
4dc0798f316aeec788da075d	40.793870	-73.972313	1
4de7174118381a514bef4c03	40.758097	-73.913183	5
4e08bd396365ecbd5d5612fb	40.774448	-73.983232	2
4e15bfae1fc7ec1006520be6	40.761041	-73.969145	6
4e15c4381fc7ec1006520e66	40.763121	-73.969166	2
4e397862d22dea80c5309f00	40.763292	-73.969926	1
4e3985e1bd418bd4ba44d138	40.781382	-73.973932	5
4e3985e3bd418bd4ba44d1e2	40.761571	-73.979280	1
4e4696e062845e1d3c93113e	40.774000	-73.982900	1
4e6cfe7ab61c739ba8cb8a7b	40.703349	-73.943918	1
4e6e3b47ae60394c611ede18	40.731772	-73.975805	3
4e73fc568998ed82a3c29401	40.717497	-73.877130	2
4e760e8062e1263516ae2940	40.810687	-73.952023	1
4e9448ee775b564ca310e0a7	40.747609	-74.008342	1
4e9704e4e5e8c81815b6ca2e	40.757725	-74.002469	1
4ebc62d06da1d1ac280bc6f3	40.763171	-73.962022	1
4ed7215c4901772cdf8a47ba	40.827270	-73.945543	64
4ef8f1740e61a0846ebc4db9	40.751747	-73.982397	1
4f07e5d9e4b0d6422a552a5b	40.703156	-73.943735	40
4f32c7a619836c91c7f9c494	40.726492	-73.990143	1
4f32c8ac19836c91c7fa3a37	40.669399	-73.860314	1
4f692547e4b0d23dfb43df61	40.770967	-73.981525	1
4f6bd56de4b03cbd0ec369ee	40.762804	-73.980085	11
4f90a1b0e4b0fa7ccf008067	40.631705	-73.906918	1
4f91ddc2e4b020a51dd1121a	40.745003	-73.998013	14
4fa04ad3e4b0285b79b0a6f4	40.714050	-73.959841	31
4fa3dd9ae4b0b487ccd4ea7d	40.742442	-73.989852	3
4fbd8c93e4b0e542bef31402	40.740518	-74.005990	4
4fc10ef6e4b0f6b4edcd8db6	40.721721	-74.006317	17
4fc1444ee4b00dd50e5f64af	40.744943	-73.997812	1
50b56b68e4b0efc208a5c9ef	40.739309	-74.002638	1
50be9145e4b007de9b4b75f7	40.801392	-73.948390	4
50de2fe5e4b0f340fade9151	40.760952	-73.977267	1
510b1625e4b036b549d9cef5	40.727607	-73.992477	2
5171d1eee4b0d859819b4122	40.719987	-74.007969	1
518d673fe4b013b035adef0f	40.721709	-74.006223	1