4b2e4f91f964a5202ade24e3	40.628057	-74.094973	31
4b6743e3f964a520b1442be3	40.626893	-74.076465	39
4b95407bf964a5200c9834e3	40.643495	-74.110286	1
4ba39064f964a520c34738e3	40.618362	-74.108766	4
4ba52235f964a520d6e138e3	40.555222	-74.127846	1
4bc79a060050b7132b08b93b	40.571185	-74.228608	3
4bca0ac4511f9521e4ddaec7	40.607102	-74.061409	2
4bd494a729eb9c742fe691e1	40.574050	-74.190110	4
4bfa01468d30d13ab5200318	40.571421	-74.220360	2
4c0ec8022466a59382a07921	40.624792	-74.246140	1
4c74046f3adda143e66c03af	40.583968	-74.125037	3
4c8024962f1c236a4a0b2443	40.585615	-74.215688	17
4c94e7d882b56dcbc96cd3aa	40.580650	-74.240667	1
4d9b9567e115721e5e353b0b	40.635257	-74.092667	1
4dbd550c6e810768bf73a485	40.603520	-74.060426	6
4ddd113a45ddaa53edb6ce4a	40.622816	-74.146321	1
4e0947fdd1640223a4a85f68	40.538336	-74.144070	1
4e2032af7d8b71715b9d8962	40.613767	-74.231021	1
4e2767fc6284ab5e8acce148	40.602467	-74.063984	1
4e52744ea809cef5beb73356	40.580331	-74.218463	1
4e674db01f6ecb18da3a6b7c	40.564194	-74.152207	12
3fd66200f964a520d7f11ee3	40.753987	-73.983822	803
3fd66200f964a520d8f11ee3	40.713435	-74.006141	60
3fd66200f964a520d9f11ee3	40.704835	-74.013702	74
3fd66200f964a520def11ee3	40.735282	-73.990403	876
4081c500f964a52081f21ee3	40.721537	-73.952316	136
408c5100f964a520c6f21ee3	40.726511	-73.981719	80
40abf500f964a52035f31ee3	40.730844	-73.997356	546
40b68100f964a5207d001fe3	40.742188	-73.987924	831
40f1d480f964a5206a0a1fe3	40.747062	-74.005194	560
41196180f964a5200b0c1fe3	40.691182	-73.974810	78
412d2800f964a520df0c1fe3	40.771426	-73.973501	848
42893400f964a52052231fe3	40.663908	-73.970947	310
42daf100f964a52035261fe3	40.703578	-74.016180	192
430d0a00f964a5203e271fe3	40.701594	-73.995924	97
43222200f964a5209a271fe3	40.780519	-73.920682	65
43222200f964a5209c271fe3	40.745436	-73.958437	44
4331f400f964a52002281fe3	40.735056	-73.974558	5
4459d478f964a520d9321fe3	40.876579	-73.947827	7
4459d5a4f964a520dc321fe3	40.852621	-73.962579	2
45914f89f964a5202f401fe3	40.716669	-73.967102	4
48aa7164f964a520a5511fe3	40.730186	-74.002190	11
49cea4dff964a5206a5a1fe3	40.724315	-73.943534	54
49d0b250f964a5202c5b1fe3	40.750023	-74.001273	1
49d8dc84f964a520d05d1fe3	40.725404	-73.978618	2
49d91905f964a520005e1fe3	40.805055	-73.959146	26
49da4688f964a5206e5e1fe3	40.737876	-73.985903	24
49e377baf964a52084621fe3	40.736820	-74.027081	30
49e63b07f964a52026641fe3	40.729879	-74.002396	3
49e9e49df964a5200a661fe3	40.742152	-74.032230	3
49e9e529f964a5200b661fe3	40.748593	-74.025924	2
49e9e575f964a5200c661fe3	40.741252	-74.026395	4
49ea02bbf964a52018661fe3	40.673031	-73.984852	1
49ebbf61f964a52020671fe3	40.772449	-73.971548	21
49ebfb9df964a5204d671fe3	40.575333	-73.980264	8
49ecbea3f964a5207c671fe3	40.748715	-74.032959	7
49ee4a7df964a52047681fe3	40.774456	-73.944148	51
49ee4bf6f964a52049681fe3	40.750801	-74.009807	17
49f4884ef964a520156b1fe3	40.719168	-73.974560	28
49f4c13af964a520466b1fe3	40.665615	-73.971108	4
49fe029cf964a5205d6f1fe3	40.871793	-73.923740	44
4a034c41f964a520aa711fe3	40.714899	-73.989261	2
4a06ff94f964a52017731fe3	40.799452	-73.973479	119
4a1a4d4df964a520917a1fe3	40.825404	-73.956614	108
4a1dae9ef964a520907b1fe3	40.670798	-73.962034	3
4a1e08c5f964a520bc7b1fe3	40.826670	-73.940949	7
4a20bdddf964a520be7c1fe3	40.574848	-73.977567	44
4a299005f964a520a8951fe3	40.748667	-73.988376	58
4a2aab17f964a52033961fe3	40.680991	-73.995110	25
4a318fe7f964a520f2991fe3	40.780866	-73.966870	104
4a356643f964a520f09c1fe3	40.769498	-73.949618	11
4a36e650f964a520fe9d1fe3	40.729934	-73.986834	5
4a3cefc4f964a520aea11fe3	40.671897	-73.966504	5
4a3d30adf964a520f0a11fe3	40.744526	-73.843918	37
4a3ff382f964a52022a41fe3	40.715726	-73.938373	1
4a413bb8f964a52000a51fe3	40.768257	-73.981032	22
4a436b2df964a52084a61fe3	40.719876	-73.992662	6
4a468cd9f964a52015a91fe3	40.668758	-73.970304	52
4a46ca54f964a5207ca91fe3	40.697689	-73.990688	17
4a47e9f5f964a52048aa1fe3	40.721899	-74.006024	1
4a4e944df964a520baae1fe3	40.729752	-73.960880	9
4a4ff7a8f964a520ddaf1fe3	40.647792	-74.003735	23
4a569506f964a52076b51fe3	40.752902	-73.959256	3
4a58f59ef964a5204eb81fe3	40.733104	-74.012243	3
4a5924a7f964a520ccb81fe3	40.853261	-73.937945	14
4a5a0bdff964a520a8b91fe3	40.696480	-73.986025	2
4a5a4eb2f964a52021ba1fe3	40.791882	-73.959832	17
4a5d5235f964a52088bd1fe3	40.752804	-74.009850	6
4a5e4f41f964a52059be1fe3	40.775854	-73.975255	146
4a5faf48f964a5200bc01fe3	40.748883	-74.010365	3
4a615c45f964a52060c21fe3	40.691371	-74.012606	5
4a61faabf964a520c0c21fe3	40.738933	-74.002833	15
4a622b7cf964a52045c31fe3	40.704310	-73.992395	24
4a663f7cf964a52046c81fe3	40.709198	-74.011186	100
4a6757aaf964a52037c91fe3	40.716779	-74.015568	1
4a6b3073f964a52023ce1fe3	40.733521	-74.002426	14
4a6c8461f964a520afd01fe3	40.737025	-74.005487	22
4a739c82f964a520eedc1fe3	40.772057	-73.940503	12
4a7b02b9f964a520cbe91fe3	40.574025	-73.979143	20
4a7b69a3f964a520edea1fe3	40.732202	-73.973908	6
4a7c5630f964a52048ec1fe3	40.769763	-73.975304	19
4a7c7f00f964a520caec1fe3	40.711679	-73.979702	1
4a7d84e8f964a520beee1fe3	40.663418	-73.977071	14
4a80bb75f964a5200ff61fe3	40.781987	-73.974230	22
4a81e4e4f964a520e6f71fe3	40.767528	-73.888091	3
4a87365cf964a520440320e3	40.677644	-74.008584	1
4a90382cf964a5209d1620e3	40.723310	-73.988901	3
4a905843f964a520681720e3	40.731389	-73.769138	25
4a91e3faf964a5203d1c20e3	40.776219	-73.975968	6
4a9326bff964a520f81e20e3	40.804422	-73.943675	40
4a9548e0f964a520da2220e3	40.828407	-73.923118	4
4a984294f964a5203d2b20e3	40.799322	-73.954983	43
4a99898ff964a520f22e20e3	40.790809	-73.965712	146
4a9998b2f964a520552f20e3	40.771377	-73.968823	36
4a999f50f964a520822f20e3	40.763186	-73.889108	1
4a99b48cf964a520f32f20e3	40.767969	-73.993812	16
4a9afd4ff964a520eb3320e3	40.582654	-73.953699	1
4a9fc69df964a5204c3d20e3	40.787830	-73.789811	2
4aa40255f964a520d94420e3	40.685487	-74.025149	3
4aa57787f964a5207c4820e3	40.726785	-74.003467	128
4aa84225f964a520755020e3	40.869586	-73.918462	14
4aa90147f964a520d95120e3	40.716668	-73.967132	1
4aaa38e9f964a520a15520e3	40.593230	-73.891640	57
4aac087ff964a520c35b20e3	40.744851	-73.970561	6
4ab5fbadf964a520457620e3	40.792702	-73.851271	1
4aba1a80f964a5205f8020e3	40.715048	-74.002684	5
4abb7c09f964a520d18320e3	40.714509	-74.002919	23
4ac8d090f964a520b1bc20e3	40.857351	-73.922195	5
4ac90a44f964a5203fbe20e3	40.703424	-74.010407	2
4ac93103f964a52013bf20e3	40.843632	-73.934085	12
4ad0f71ff964a5208edb20e3	40.671180	-74.013168	1
4ad3df9ff964a520b0e620e3	40.751404	-74.024685	3
4ad6478df964a5204f0621e3	40.760423	-73.987513	2
4adf3fa6f964a520b27821e3	40.749547	-73.970488	1
4adf50e7f964a520627921e3	40.778324	-73.989111	22
4ae0afabf964a520a28121e3	40.720290	-74.005427	16
4ae3394ef964a520e89121e3	40.698340	-73.990302	3
4ae884c0f964a5200eb021e3	40.700227	-73.854175	25
4af07915f964a5206ddc21e3	40.801867	-73.967928	22
4af6ea31f964a520190422e3	40.878234	-73.883164	4
4afc244df964a520152022e3	40.785900	-73.969294	1
4b006a75f964a520f43d22e3	40.842906	-73.877469	3
4b019e1af964a520f84322e3	40.685478	-73.971877	3
4b0997e8f964a520091a23e3	40.678415	-74.018224	21
4b128bdff964a520b58a23e3	40.765884	-73.976269	2
4b1319b4f964a520189423e3	40.729733	-74.006231	17
4b1d0b30f964a520640b24e3	40.673087	-73.984895	7
4b1d280cf964a5205e0c24e3	40.644610	-73.920852	1
4b240a1ff964a520b25f24e3	40.732289	-74.010512	102
4b2c6e6df964a52004c724e3	40.770246	-74.018493	2
4b39317cf964a520ec5725e3	40.708185	-74.003465	1
4b4372d7f964a52081e025e3	40.715621	-73.999832	16
4b488613f964a520a94e26e3	40.777683	-73.972886	2
4b4cb52bf964a52022bb26e3	40.777194	-73.965583	21
4b4e0c46f964a52084df26e3	40.773051	-73.976226	5
4b549e0cf964a520f6c227e3	40.711467	-73.992963	38
4b54db03f964a520e4cf27e3	40.745859	-74.022832	2
4b55b2b1f964a52045ec27e3	40.656843	-73.968072	21
4b59c10af964a520469628e3	40.797567	-73.959789	5
4b5a1818f964a520c5ac28e3	40.779144	-73.973265	2
4b5b579bf964a52014f628e3	40.616428	-73.827267	8
4b5b625af964a520b0f928e3	40.613322	-74.013513	2
4b5b9ebbf964a5207d0b29e3	40.877374	-73.877478	6
4b5c93b4f964a5208e3729e3	40.668723	-73.786950	2
4b67aad0f964a520265a2be3	40.791394	-73.964682	2
4b687078f964a520b4782be3	40.808048	-73.947351	1
4b723621f964a52018742de3	40.733714	-73.984208	25
4b74da63f964a5204af52de3	40.697299	-73.979101	8
4b773b60f964a5200f8a2ee3	40.718168	-74.015837	9
4b7d6601f964a5204abc2fe3	40.679719	-73.931991	3
4b8148a6f964a5208a9d30e3	40.751744	-73.836923	23
4b81ea40f964a520e0c330e3	40.702634	-73.996119	48
4b8768c1f964a52095be31e3	40.719939	-73.881287	18
4b8f3b87f964a520ba4e33e3	40.793504	-73.935916	10
4b8fd0e5f964a520bc6333e3	40.801700	-73.998484	36
4b90131cf964a520017433e3	40.693232	-73.795638	1
4b927956f964a52060fc33e3	40.739488	-73.735836	2
4b929790f964a5209a0734e3	40.716211	-74.016537	15
4b92b546f964a520b81334e3	40.747370	-73.911127	7
4b92c079f964a520691834e3	40.710185	-73.835792	1
4b92cc85f964a520e01c34e3	40.744041	-73.954635	8
4b94025ff964a520ec6034e3	40.770272	-73.807397	8
4b955115f964a520099c34e3	40.766827	-73.977857	13
4b969c09f964a52062d834e3	40.791817	-73.776069	8
4b96a40af964a520c1da34e3	40.789770	-73.788664	14
4b96b24ff964a52094de34e3	40.706530	-73.947276	17
4b97f9ebf964a520822335e3	40.722454	-73.846418	1
4ba0e4e3f964a520498537e3	40.720320	-74.013145	13
4ba0e528f964a5205c8537e3	40.720585	-74.013019	17
4ba10251f964a520828e37e3	40.770950	-73.983402	25
4ba106edf964a5206b9037e3	40.867444	-73.993950	5
4ba10a53f964a520bc9137e3	40.753992	-73.987190	1
4ba11174f964a520889437e3	40.732039	-73.974166	6
4ba129eaf964a520e69d37e3	40.753563	-73.889492	1
4ba21dc0f964a520e2dc37e3	40.615874	-74.039054	2
4ba233dbf964a5206fe337e3	40.790160	-73.955498	31
4ba3931df964a520964838e3	40.797015	-73.956141	4
4ba48071f964a520e2a038e3	40.744578	-74.006931	1
4ba4d820f964a52075ba38e3	40.627349	-73.894740	4
4ba4e3f8f964a5207fbf38e3	40.759765	-73.993755	4
4ba4f635f964a5201bc938e3	40.774529	-73.972063	2
4ba50a3ef964a5204cd438e3	40.797762	-73.953094	62
4ba50e4cf964a52099d638e3	40.741014	-73.922496	1
4ba518b0f964a520aadc38e3	40.759662	-74.003413	2
4ba51a2bf964a52074dd38e3	40.768094	-73.978286	77
4ba51d9df964a52042df38e3	40.771604	-73.768086	12
4ba53581f964a5202aec38e3	40.662946	-73.743680	11
4ba59125f964a520ed1239e3	40.684966	-73.919020	3
4ba61935f964a520673339e3	40.851962	-73.826966	79
4ba62142f964a520b43539e3	40.695911	-73.990547	11
4ba695e1f964a520856039e3	40.870352	-73.871669	2
4ba90c8af964a520d2063ae3	40.711435	-74.038002	2
4ba91b7af964a520f20b3ae3	40.811471	-73.912411	5
4baa4910f964a5202c5b3ae3	40.693004	-73.989916	7
4baad6fbf964a520b4893ae3	40.771507	-74.015837	6
4bab9fe3f964a52052ba3ae3	40.716377	-74.002179	1
4baf837cf964a5201b063ce3	40.822171	-73.931180	1
4baf87f7f964a520b7073ce3	40.597922	-73.920994	19
4bb4e7d4c29a952136eda735	40.623862	-73.984750	3
4bb515d346d4a593e487c4c0	40.766685	-73.976387	1
4bb519612f70c9b6a4ba8330	40.738771	-74.026973	1
4bb622b846d4a59345bdc5c0	40.786488	-73.968287	14
4bb774c9941ad13abfb120e3	40.733132	-74.011940	26
4bb7998853649c74d1f245fb	40.748873	-74.023652	2
4bb79c85b35776b087dfc701	40.639653	-74.032316	15
4bb7a9d453649c74501046fb	40.630389	-74.010655	1
4bb8c59ccf2fc9b6cfd39f02	40.849414	-73.879731	4
4bb8d90798c7ef3b6e7b3102	40.660945	-73.987212	1
4bb8e59fcf2fc9b639ff9f02	40.850299	-73.945468	48
4bba756698c7ef3bd8253302	40.772466	-73.967128	14
4bba7a1d7421a59313dfc340	40.843129	-73.836849	1
4bbb61f3b35776b004e3cb01	40.595193	-73.925795	1
4bbb69c5935e95215f282990	40.742715	-74.008182	2
4bbb7dd9e436ef3b4c655564	40.725434	-74.011028	6
4bbb7f95e45295219ac354a4	40.689555	-73.946099	12
4bbc8b9fe436ef3bd0a25664	40.744230	-73.912568	1
4bbc9e9b8ec3d13a54f71a28	40.806015	-73.888746	23
4bbcc22607809521c7b5d991	40.746545	-73.943993	3
4bbcca19a8cf76b0e5f4b0fd	40.629924	-73.884778	16
4bbcdd12a0a0c9b65ce71a0f	40.780590	-73.957230	2
4bbdddaff57ba5937489aeb9	40.680296	-73.928268	1
4bc1be8d920eb71313171b2c	40.776804	-73.965111	5
4bc22ed0461576b0bd007d32	40.870270	-73.921070	2
4bc3722a2a89ef3bd709f588	40.764096	-74.020214	17
4bc5bdb20a30d13a915f5a9c	40.716265	-74.032198	3
4bc735bd14d795213be366e9	40.796560	-73.824606	2
4bc9c809937ca593dd46a692	40.835525	-73.948499	1
4bcb02d8511f95218fa0b0c7	40.649820	-73.834069	4
4bcb61d3cc8cd13a0c48bfcf	40.712817	-73.998542	1
4bcb7455cc8cd13a1c74bfcf	40.747761	-73.910587	11
4bcc33f53740b713c3986365	40.687055	-73.773673	11
4bcc5dcd3740b713d5d86365	40.734137	-74.011395	8
4bce45a3cc8cd13a1125c4cf	40.705941	-73.891450	1
4bcf3219046076b0aecd6d71	40.699983	-73.986182	1
4bd11c23caff9521804ad0f0	40.790374	-73.793188	16
4bd2612a77b29c74b7c08e82	40.702732	-74.014828	58
4bd2f53841b9ef3b9aeefee5	40.772817	-73.971484	2
4bd33314caff9521a542d4f0	40.817575	-73.882160	4
4bd341d79854d13a834ffd4d	40.853086	-73.938166	8
4bd842d2f645c9b63a77a7e0	40.574860	-73.978434	61
4bd9d7af3f01c9b63c5b53a5	40.705368	-74.018819	7
4bdb4c7063c5c9b658422768	40.871757	-73.921725	1
4bdc682b2a3a0f47a2afb2b6	40.772044	-73.976216	1
4bdc836bc79cc9284ee786e9	40.782028	-73.985250	1
4bddeb62ffdec92800f5e6a1	40.783193	-73.970072	3
4bddff7ee75c0f47cd7bc603	40.655358	-73.962932	2
4bde1145e75c0f474bccc603	40.838100	-73.948975	5
4bdfde5b0d69b713542c66d3	40.709190	-74.016877	2
4be0548acb81c9b69371658b	40.731980	-74.006747	1
4be062d6652b0f47b9437211	40.770547	-73.995230	12
4be07f1acb81c9b65a0e668b	40.855906	-73.974294	1
4be16bb7a7380f47c7f519b0	40.742396	-73.738561	3
4be1a33b85670f47dab52bd7	40.710996	-73.911166	14
4be1dcc440c0ef3b2f5cbed6	40.860511	-73.933683	36
4be42c292457a59316d4a915	40.846346	-73.941035	75
4be461c4bcef2d7f037902e5	40.738624	-74.008241	1
4be4f03b2468c9281590ff42	40.756701	-73.948867	1
4be5096d2468c92894a9ff42	40.649516	-73.968175	1
4be59c20bcef2d7f1a0304e5	40.733159	-73.871539	5
4be64bb4910020a1bf3dd414	40.741566	-73.952333	5
4be709372468c9281aff0143	40.773961	-73.970904	8
4be84319947820a1a2adb4db	40.813338	-73.962042	5
4be9a9e9415e20a1b01be4bb	40.740667	-73.747869	5
4beddffe946c0f470617a363	40.802624	-73.972009	2
4beeed952c082d7f3b203142	40.692455	-73.909037	3
4bef5786f97d9521a6fa9438	40.711917	-74.007614	2
4bf07cfab315c9b6ef1493ff	40.756871	-73.982225	2
4bf17b826bfe0f4745cbd838	40.748602	-74.009759	12
4bf1c24399d02d7f1a84c948	40.749264	-74.007505	11
4bf421cfff90c9b669e05428	40.821482	-73.953567	1
4bf84f0a5ec320a1ae8d88d3	40.784305	-74.008899	2
4bf86469b182c9b6c870775a	40.863218	-73.988394	2
4bf866df5efe2d7ff2bd6a34	40.837970	-73.899021	3
4bf980e4b182c9b6290e795a	40.741424	-74.027806	2
4bf99a405efe2d7f72866c34	40.758148	-73.825250	1
4bfa3a0c633d9c7489050843	40.798686	-73.959193	1
4bfae4b41c1da5932d177e0e	40.708931	-73.956369	1
4bfe84cff7c82d7f7bae8f04	40.722758	-74.005812	1
4bfee1b6369476b02d008d1f	40.782252	-73.966890	1
4bfee743c30a2d7f1d2e101d	40.753710	-73.983393	2
4bffe5ca369476b06e778e1f	40.848294	-73.879709	1
4c012810cf3aa5936e86ccb0	40.781744	-73.971548	48
4c014854783720a10a67c62e	40.742340	-73.738256	1
4c0165100bce20a12aa9f6c6	40.705888	-73.891039	2
4c02f70af56c2d7f66421c66	40.582019	-73.838897	3
4c03d824f56c2d7f1a601d66	40.747907	-73.821774	1
4c0515990d0e0f479fc6049a	40.768047	-73.974414	10
4c068019517d0f47830ff615	40.578041	-73.958228	1
4c071f6292a4ef3be32eb0f1	40.782101	-73.959403	3
4c07dbabda13c928e01c6c02	40.770049	-73.974248	2
4c07e1e86071a593dd5adb32	40.819813	-73.872163	7
4c093a157e3fc9287998f182	40.692095	-73.998749	1
4c0a752b6071a5932689df32	40.830177	-73.949769	1
4c0aa52e02c9d13a02fe73dd	40.840543	-73.939823	10
4c0bef5c7e3fc9289109f682	40.702448	-73.987586	1
4c0bfd0a340720a11ff78893	40.714751	-73.979976	1
4c0ce7232466a593acad7621	40.712011	-74.007121	2
4c0d359298102d7fbad5e106	40.628611	-73.939061	3
4c1164576e5dc9b69506b02d	40.711143	-74.017885	25
4c12a392b7b9c928482aa837	40.804588	-73.970540	1
4c12d1b67f7f2d7f8d0cde68	40.745119	-73.973608	2
4c12f09877cea5934c12ce60	40.823455	-73.813963	1
4c13c0e7a5eb76b09c77c0b7	40.719241	-73.949842	5
4c1464d2127f9521f9d72425	40.707559	-74.007992	7
4c14f97b7f7f2d7fdca0e168	40.767627	-73.985925	1
4c15815882a3c9b6c203fff8	40.597637	-73.999815	7
4c17af74c2dfc928f966a869	40.838035	-73.887219	2
4c1bde6afcf8c9b6c71da90b	40.742086	-73.978845	1
4c1d1971b4e62d7f2229dc93	40.737470	-74.010322	4
4c1e3a6efcf8c9b621e3ac0b	40.718042	-73.993583	15
4c1e992b63750f470603ba67	40.804049	-73.959701	2
4c1fa362b4e62d7fd0f2df93	40.705104	-74.006856	2
4c221b619390c9b628fac9cd	40.748183	-74.004423	6
4c24e91d136d20a11ca0e261	40.823832	-73.888028	1
4c264842905a0f474efd6260	40.792543	-73.951524	1
4c26487cdb519521b05e2c3a	40.770207	-73.995538	1
4c28887f3492a5938a6eb728	40.771356	-73.907240	2
4c2a954b2219c928755ca348	40.574655	-73.978638	4
4c2a985f8abca5932df7fe1f	40.853841	-74.023084	3
4c2ad66d2219c9280ac2a348	40.590675	-73.994444	5
4c2d1986e760c9b6654f4449	40.573919	-73.979520	2
4c2d21964e132d7f26ed9bdf	40.799192	-73.999936	1
4c2f67a3213c2d7fddc0305d	40.703011	-73.994863	23
4c2f8178213c2d7fc9f8305d	40.777618	-73.973863	6
4c326b6c213c2d7f1a75355d	40.853744	-73.870095	4
4c327750213c2d7fe28b355d	40.858714	-74.009260	10
4c36c73318e72d7f1e7515f5	40.628991	-73.938385	1
4c38183618e72d7f25db17f5	40.668677	-73.918692	1
4c3babba16cb2d7f794503a9	40.817383	-73.948333	7
4c3cb549b36ac9285d7a0486	40.716760	-74.008784	3
4c3e597380bc20a12df3aa58	40.661613	-73.761671	2
4c41afb3d691c9b6af118d0a	40.693236	-73.778631	3
4c41d28d7beab71301b19555	40.729369	-73.984874	1
4c41d63e5faf76b07e884820	40.771298	-74.015768	1
4c423968cc410f47cc7dac61	40.834149	-73.861275	1
4c423c5bcc410f475783ac61	40.721502	-73.962107	21
4c423ed0520fa5938ef4caac	40.840380	-73.842932	27
4c430e41af052d7f35c97f79	40.779307	-73.973651	8
4c43663ddcd61b8d2bed7956	40.714170	-73.975596	1
4c43953d74ffc928f37374cc	40.702464	-73.992177	4
4c43c87bdcd61b8d4b8a7a56	40.574046	-73.979031	2
4c453ad4dcd61b8d0e7f7c56	40.832023	-73.924969	1
4c45f977f88dc928815cae75	40.730658	-73.792470	1
4c470a7696abd13acb6b6f01	40.730511	-74.008629	5
4c477bbd76d72d7fd65b3d4d	40.851059	-73.982684	1
4c4b569fc9e4ef3b4cd4fa10	40.766859	-73.979015	11
4c4b6bc7712ac928ccdedc6c	40.827668	-73.927759	3
4c4c723e9c8d2d7ff150706c	40.782217	-73.986956	1
4c4ebe709932e21ef8ab3ace	40.827741	-73.941450	1
4c4f0db392b6a5930e92f270	40.760767	-73.998679	1
4c5044d23a6f2d7f6bd34777	40.706844	-74.013817	1
4c51d82d99ecc9b6f249f859	40.809021	-74.001032	1
4c531929479fc9282b90ee90	40.785286	-73.969188	23
4c5435bf4623be9a62ee66f2	40.695879	-73.998145	3
4c548ea230f92d7f331facba	40.847372	-73.822634	3
4c56c650d12a20a12f2065bd	40.638137	-73.938138	13
4c57560112f0d13a92f506ad	40.664837	-73.850727	3
4c58d06dec2520a1e4bf4d12	40.881366	-73.919964	1
4c59aaed5c57c9b6865b1b4a	40.574222	-73.978720	1
4c59abc704f9be9a3ee3ef60	40.574758	-73.978256	2
4c5bed609b28d13a854c5570	40.746964	-73.807697	21
4c5c81ea7f661b8d04c5481c	40.770798	-73.994710	1
4c5c9de96ebe2d7f64a7d02e	40.700972	-73.840962	1
4c5f0bc46ebe2d7f7f40d72e	40.794847	-73.962166	1
4c62d7d2eb82d13afa5606d6	40.705467	-73.817349	1
4c65b708f7a80f472b169c7a	40.654729	-73.753522	8
4c65e48eb80abe9a80b5cbe5	40.771129	-74.027863	7
4c660110b80abe9af320cce5	40.739974	-73.978114	1
4c6689eef7a80f475e359e7a	40.805896	-73.968043	9
4c6727e08e9120a1121eda64	40.788960	-73.980549	2
4c683612d9c7c9b6c4cdc31a	40.674194	-73.934770	1
4c68a710710b2d7f27d65c73	40.807202	-73.935153	1
4c6d7eb4c52437040d4e28eb	40.777235	-73.924969	6
4c6dd8fb4d24b60cf040d7d8	40.574794	-73.979620	3
4c6f25dcd7fab1f7aaae5ac9	40.702212	-73.784137	1
4c72f2421b11199caf9a5c13	40.796658	-73.949704	27
4c7510ae604a370409858149	40.881855	-73.909514	4
4c769717db52b1f70adc7bdc	40.573622	-73.979286	5
4c77bd1407818cfa1853d5e3	40.679066	-73.983092	1
4c7a1958df08a1cd61f7dc5d	40.704818	-74.013541	19
4c7a8458794e224bb7b56828	40.744477	-73.913675	1
4c7eb4b1171b224b67ad0eb1	40.835564	-73.869188	1
4c813035d22d199ca2c2dd93	40.650000	-73.950000	1
4c8402b3d8086dcbb5638552	40.852124	-73.943439	4
4c841754d8086dcbe33b8652	40.814654	-73.853488	1
4c86983e74d7b60c4c80a5d8	40.699825	-73.995718	1
4c875ce2b504a14328a8b51c	40.715025	-73.856962	1
4c897cb13dc2a1cdcad5a432	40.858747	-73.996366	2
4c8b7be09ef0224b1e6f647b	40.663884	-73.913113	5
4c8c1883b118b7131c821701	40.799971	-73.957944	48
4c8e5e5e1664b1f784d39f2f	40.813324	-73.931088	12
4c96587172dd224bfe8fab91	40.656810	-73.973806	1
4c97475c72dd224b30efb291	40.683823	-73.968106	2
4c9a6e67eaa5a1432828cce4	40.714349	-74.005972	1
4c9fa3882fb1a14386a9f540	40.711610	-73.997129	1
4ca365f67f84224bf77ec458	40.728044	-73.995982	1
4cae1f8a1463a143d0ff89a9	40.642508	-73.887345	37
4caf6091cbab236a6fa49773	40.712149	-74.016680	1
4cbae785035d236a6efadc4e	40.776052	-73.975516	1
4cc350793d7fa1cd9feca45f	40.708445	-73.957855	3
4cc43153806246887cdf342f	40.746288	-73.908997	2
4cc4a5fd82388cfa887c7035	40.809342	-73.965971	10
4cc7182eb2beb1f76c2b2c4c	40.709072	-74.005077	2
4cc9dea0bcb1b1f70dde118a	40.774839	-73.988555	3
4cd5686d2944b1f7e2ba5cec	40.766081	-73.961092	31
4cd57ea82944b1f75d535dec	40.720494	-74.016073	7
4cddebf7aba88cfa802b3ed7	40.685422	-73.886018	3
4cdef1f2ffcf3704c33e1682	40.740266	-74.025965	12
4ced54feed62721e0f3255fd	40.808379	-73.940910	1
4ceff0c6f368b1f7037288f7	40.716203	-73.994438	1
4cf2639f1c158cfa6e5ad7b5	40.719432	-74.012704	8
4cf51b9ec9af6dcbe7dcaf7f	40.691559	-73.957660	2
4d02a8869b7f60fc3edd07ab	40.699634	-73.990329	2
4d038abe37036dcb62a20afb	40.799515	-73.964152	4
4d4ab681b73fb1f7a099b432	40.724639	-73.993290	1
4d55b34aba5b224bfb8d1114	40.788781	-74.003390	2
4d5be1301da1cbff2c3b1a05	40.573817	-73.978774	1
4d5be3ed1da1cbff94501a05	40.575387	-73.976922	6
4d5be4c51da1cbff58571a05	40.582665	-73.978323	4
4d5bec141da1cbff4d8c1a05	40.573348	-73.980378	10
4d5becc31da1cbff40911a05	40.573740	-73.980528	2
4d5bed661da1cbffbd951a05	40.573723	-73.980238	3
4d6331414554a0934064afaa	40.788997	-73.955427	3
4d69aca4342b8cfa0da7cc2c	40.796173	-73.824269	1
4d7833acb706224b2a94258d	40.762710	-73.987465	1
4d79467015958cfa98070b25	40.683271	-73.806998	4
4d7bc5786152b60c121e8526	40.773343	-73.977164	2
4d7cfb747498a1cd0d4087fc	40.780270	-73.972819	29
4d84336802eb54812c672af5	40.778494	-73.969053	1
4d9374de52ed224b0ee51dac	40.714295	-73.992642	2
4d96323d942ba093ed804d8c	40.736376	-73.782624	3
4d98c6e8e07ea35d6a52fa02	40.720165	-74.013065	11
4d9a5ac7a6df8eec8913c1f4	40.743583	-73.855333	1
4d9b273773df8cfa1798efec	40.773357	-73.974047	35
4d9cf0868efaa1433bb559b7	40.714983	-74.002156	2
4d9e3eaa601d721e0dafd3cc	40.640343	-73.995040	1
4da4d2100437bc50a6df0d3d	40.775086	-73.948155	1
4da7589a1e72d9bb472dcc0f	40.823023	-73.956443	1
4da767d6f7b12d2d99f4aa1c	40.665535	-73.825378	2
4da8d95d43a1128196ce8b20	40.837674	-73.782912	1
4db1a0904df03036e8d29275	40.865016	-73.954865	2
4db4535290a0843f2969a135	40.857236	-73.866420	7
4db47f674b226b343d8edb4b	40.724198	-73.972359	3
4db4871b5da3a76f44408373	40.730107	-73.885175	12
4db5dbf0cda1c57c8277c133	40.689892	-73.946197	24
4db85fddf7b15ca52ce8fc43	40.743220	-74.008606	15
4dbbf94da86e0e98a1d6bbd4	40.793735	-73.957385	1
4dbc72210cb691071ca3bce6	40.663581	-73.964031	8
4dc45586e4cd169dc6309424	40.803199	-73.970534	1
4dc54423d22dafda2f9f4ac3	40.772404	-73.970058	7
4dc58d60887717c880268657	40.786632	-73.939010	2
4dc680bfd164eb9ca00964f6	40.771085	-73.971498	5
4dc6fe91c65b89d3ca95b0dc	40.596531	-73.768278	11
4dcd6b94c65bdac71347323d	40.660965	-73.986530	4
4dcd8ada52b1f8915b800186	40.779113	-73.968973	1
4dd56920cc3f75159f13cb35	40.749500	-74.008595	16
4dd5b29781dcd5bca59494d9	40.591817	-73.978960	23
4dd7dd4a8877f1150ff3d67a	40.649854	-73.832346	3
4dd91263ae60680f152e754a	40.661310	-73.977680	26
4ddaf97b183802d5373be2eb	40.753109	-73.981445	45
4ddee0c3ae60913a5ffd9406	40.728460	-73.837171	2
4de11fc5d164e323c7bd4192	40.650465	-73.967802	1
4de1aad88877bcb68632dd26	40.784823	-73.983195	6
4de280a718385df2b0252739	40.864836	-73.931995	1
4de802a8b0fbcb7c9ab8c21f	40.781925	-73.962602	2
4dea585ce4cdc079f480cd4b	40.741832	-73.988171	1
4deb70d5b0fb8293f7ee782b	40.771104	-73.971527	3
4decc908e4cdc079f4be1320	40.724319	-73.972905	2
4ded4b2e2271e7b4461b68a1	40.771929	-73.976693	1
4dee666d2271e7b446354a8f	40.749030	-73.970809	1
4df1a69988772e1f814c208c	40.696708	-73.773483	15
4df3918188772e1f81543037	40.772322	-73.972773	3
4df391eaaeb7170aa2f16a68	40.729315	-73.828751	2
4df3a22288772e1f815479fe	40.873224	-73.838291	1
4df8f3841495b7db1b103f6b	40.781579	-73.986202	10
4dfceb921520af693670e7d3	40.718298	-74.015965	3
4dfe347945dd1beaf343018d	40.743091	-73.882200	11
4dfeb4ef183860b961e5c4ec	40.824787	-73.949928	1
4e006f31c65b896d116a3493	40.674014	-73.870962	7
4e05eac2d22d6585329c0b01	40.772771	-73.971659	1
4e0658fcd4c03ae0b9c3552b	40.844259	-73.881539	10
4e076986b61c60b045450a6f	40.663124	-73.940342	5
4e0cced5d4c07c82a2dffb3c	40.764936	-73.961460	1
4e0f0b8981dc70f10d7460d9	40.693248	-74.001954	5
4e1273a5d4c07597ff8a0ba3	40.826831	-73.954830	46
4e12b077d22d759bae6d9010	40.868985	-73.931720	1
4e1340d8d22d759bae7241ec	40.753141	-73.963630	3
4e161646e4cded56112e7130	40.833745	-73.970926	10
4e162f72c65be9c55e8339c7	40.799947	-73.923464	2
4e19b21062e12640d8812c16	40.855192	-73.920157	2
4e1a1ff46284ea7247090622	40.667618	-73.969157	1
4e1b25a162e180a4848c4116	40.713354	-74.016051	1
4e1c7ce252b1c2b69f357306	40.712629	-74.016813	1
4e1cbec8b0fb543b8ff6ebd1	40.736942	-74.027530	1
4e1ccc16c65bc4a776be60fd	40.769530	-73.969966	5
4e1ee7fd887799f23ff33052	40.709650	-73.995987	2
4e20d96152b1f82ffb98c3a5	40.872931	-73.880902	4
4e216ece45dd950bb024bafc	40.774009	-73.973351	3
4e246a64628469a5743362f0	40.781417	-73.962476	29
4e29a244149554c77445c25d	40.600375	-74.009364	1
4e2b293ee4cd3bc166926781	40.694714	-74.000309	10
4e2ede5be4cdb5a70d6249cf	40.691453	-73.857525	1
4e30b502d164611cfed7ebd6	40.720860	-73.873753	1
4e30d62d45dd6a9c6aacdc99	40.766151	-73.951502	1
4e3157b5b0fb3ee646719122	40.698846	-73.858174	1
4e32e8b2c65bfd5a4e2bd697	40.739138	-74.003316	2
4e33e154227111ae7693177a	40.686804	-74.025563	1
4e3456522271b2cf066bcc0f	40.574687	-73.979102	1
4e348a41483bf3839a25851c	40.565408	-73.884055	5
4e35cc6552b17fb1c60c4146	40.837155	-73.825442	6
4e388caeb61c438b547e2e3a	40.688866	-73.742496	2
4e38928fd4c046ee86b1d92f	40.690740	-73.742248	1
4e3892b7d4c046ee86b1db33	40.776062	-73.975464	10
4e3ae8a418a80688f96d7583	40.742893	-73.916122	28
4e407cd1e4cd4324642d9eac	40.629047	-73.897680	1
4e426e4518a8627fce458727	40.740829	-73.749076	1
4e442ef4b0fb71d2197ef312	40.793346	-73.978397	1
4e44525062e1b6355aaae1fb	40.742153	-73.827568	9
4e49aa95636576bfab28965c	40.581122	-74.003606	1
4e4b2e1c8877da6396624faf	40.787656	-74.003511	1
4e4bb685ae600cc1e319f44c	40.566552	-73.876940	1
4e4be87914958c3abfad849c	40.792179	-73.964152	21
4e4d6c1ad4c019a18a3b3192	40.828208	-73.952915	1
4e4dce43483bb77048f99eea	40.783200	-73.984286	12
4e504686814d2a4139ac23a2	40.794400	-73.955069	1
4e505e71a80997aa8a4795d5	40.645929	-73.995190	1
4e52769b483bf6d4ed37a161	40.745296	-73.816235	1
4e52c906b61caf0ba8406499	40.678746	-73.790287	1
4e5a735bb993732579f6ce0c	40.702047	-74.016043	3
4e5bdca018a8c204752b190b	40.806490	-73.853189	2
4e5d58101f6e330fd1b519fd	40.833792	-73.865714	1
4e653fd745ddda352ac83d80	40.788056	-73.981978	7
4e6bab9c1495acb0c747bdd3	40.773113	-73.993629	1
4e6ce9b045dd435bc13d87ee	40.703902	-74.014574	8
4e71095052b140871b81335a	40.726357	-73.837946	1
4e717687d1647c08d3b5f1ff	40.717507	-73.984077	1
4e74fdd91838f91889a675ec	40.814136	-73.863348	1
4e7511eed22d80eb330bc016	40.766486	-74.030417	3
4e77a57b1f6e072f14a37bed	40.767686	-73.970695	2
4e77d208d22dc865f0a688fd	40.788396	-73.965621	2
4e833d2df5b9752696a1e9fa	40.695957	-73.965036	1
4e871233cc213191f8966628	40.703781	-74.017461	1
4e8a02612c5b2e4ef08b9943	40.765109	-73.972905	2
4e8b12fb6da1c8a30985c151	40.757529	-73.989933	24
4e8c5f8c93adecfdb95f0322	40.802994	-73.997233	6
4e91cfcbdab46521c194ad2d	40.790388	-73.799496	52
4e9364f2cc2178bffe297c09	40.651732	-73.972664	19
4e949de96da1effe227c7913	40.769470	-73.970500	1
4e996a1282310013a10eb19a	40.728886	-73.839330	3
4e99af2c49015647ab51119f	40.750524	-73.960540	9
4e9ad00ab803b562d67421eb	40.858867	-74.009237	1
4e9b65ddd22d8be58976e079	40.575171	-73.978437	3
4ea37ba4e3008f7d928a40d9	40.575378	-73.975218	1
4eaafe076da1cafdae26ae16	40.595189	-73.746473	3
4eab3ae193ad72a2dac5fa53	40.844855	-73.922523	1
4eadc0eee5fad025f8443390	40.610960	-74.116429	1
4f92cebae4b0599b4e6b072c	40.615333	-74.092948	1
4fa45435e4b098f42a66bcf9	40.541405	-74.142780	1
4ff23fdee4b041a994f43546	40.628013	-74.074575	1
5054aaf7e4b0244dde3b0f94	40.544340	-74.127279	1
5189907a498ee4a8e44b1839	40.590206	-74.188379	1
4eb3e2550aaf1abede9a5312	40.819282	-73.960733	7
4eb959e177c8972738b03c9f	40.716000	-73.979930	1
4ebac60a0cd6904066e4108f	40.700260	-73.996986	3
4ec8f5a9e5fa232a76e79845	40.773456	-73.972457	2
4ecadeed99119fe1ad742cda	40.664250	-73.976676	7
4ece9271d3e3521ce38edc85	40.844642	-74.022854	1
4edbdcdf9a5286d9211cacd6	40.655228	-73.962332	34
4edd991df9abeea3dd73ec81	40.683149	-73.885950	2
4ee14f4d6d86c9f550aa49ed	40.743859	-74.006996	1
4ee264ff4fc6a6fab5957990	40.770613	-73.980196	1
4ee597705c5cfa48fb859827	40.658505	-73.973226	3
4ee678ffa17ceecb16341fc3	40.819331	-73.961109	10
4ee905c5108135b4c85ee9a2	40.807768	-73.917561	1
4eeb73714fc6029e35e8baa5	40.845145	-73.895416	3
4eebfbab0aaf1d45b0374e3a	40.731485	-74.032150	16
4eec93e9aa1f98ce64b0d4a6	40.765078	-73.973415	84
4ef14e5d2c5bf37bd6ce47da	40.767267	-73.976245	1
4f09c266e4b0aa2dc7b04f86	40.788780	-73.846544	34
4f0b27e5e4b06fab1bd36b8f	40.734930	-73.882568	2
4f19d950e4b064e65a528b5a	40.611482	-74.032454	2
4f19e08be4b04ae081786388	40.615672	-74.031662	1
4f3c0584e4b0f7c8c775c07e	40.789116	-73.957845	1
4f401a9be4b0102f0d28324a	40.789750	-73.786260	1
4f44e550e4b0ea314b6f0fa8	40.822819	-73.942397	3
4f4a3ac2e4b01739bba29d56	40.773019	-73.976262	1
4f4bf224e4b07e1bc9ced740	40.712626	-74.004222	1
4f4c16c4e4b05b49b34e587e	40.705447	-74.007310	1
4f4eca75e4b05c40d5e68c6e	40.737206	-74.001164	2
4f5655a0e4b0f29665ac9497	40.768413	-73.973743	13
4f5be32ee4b0838067ce1293	40.736649	-73.990312	1
4f621a85e4b0c2e657c52390	40.660702	-73.969702	1
4f643266e4b04b244362fbcf	40.716699	-73.949704	2
4f67b42ce4b01003e75feb99	40.655447	-73.908744	29
4f6b61d8e4b0e15b873dad2f	40.703999	-73.992613	11
4f6cae82e4b068929ec75684	40.660007	-73.802828	1
4f6d02d0e4b0725b60c6e16c	40.749628	-74.003482	16
4f739226e4b019c941dcc6ec	40.835839	-73.895636	1
4f75342ee4b05b7073fd805e	40.776901	-74.014569	40
4f767164e4b058597f8db10f	40.771611	-73.961971	3
4f79a912e4b087957ca9e947	40.845447	-73.928338	3
4f79e2cfe4b0cd1b3494f373	40.736167	-74.005318	11
4f7f8f81e4b0e437a2bdb972	40.749697	-73.937076	1
4f820a93e4b0ac16a3466694	40.799323	-73.999563	2
4f8213e6e4b042dc225bf065	40.745025	-74.006368	27
4f847c73e4b00dd95286eeb3	40.665026	-73.905139	2
4f85d688e4b04b40a9ca2302	40.564666	-73.876332	2
4f8ad179e4b0af04c1c2e5c4	40.578576	-73.977869	1
4f8af17de4b01832072d129a	40.852833	-73.926800	1
4f8ec022e4b018d8f68c08af	40.766440	-73.955462	1
4f929039e4b01143d1753863	40.670957	-73.875545	7
4f97700ae4b055f5b5ba86df	40.795058	-73.976693	1
4f981c6ce4b04aec2cec2f2c	40.710476	-74.008903	1
4f9b0236e4b0176464f3e912	40.573300	-73.978696	1
4f9d9c2ee4b0d2a3aa3a0538	40.756553	-73.925969	3
4fa1c508e4b0d36f8faecb74	40.785393	-73.955198	3
4fa54792e4b0d90525821047	40.757777	-74.027800	2
4faaf17ce4b0af50a80a72c7	40.694226	-73.907246	6
4fab2257e4b0d040d85de659	40.720429	-73.964186	6
4fabbe6fe4b0a76594fef449	40.744201	-73.986197	1
4fad6485e4b00ef465b919e3	40.703323	-73.990874	1
4fae423be4b0ded8664590bc	40.772003	-73.971762	2
4fae659be4b0efef5ea24625	40.701573	-74.015338	1
4fafcf3ae4b0fa27b8dd271e	40.772502	-73.971424	3
4fb71310e4b01fc53241eb7f	40.740471	-74.008021	16
4fb7ba15e4b0cbce352e45ae	40.792096	-73.934877	1
4fb86c99e4b04484dac17b0c	40.818597	-73.899833	2
4fc1274fe4b06229f95085e2	40.773152	-73.974466	1
4fc29e0ba17cb87d1778af93	40.573837	-73.981075	1
4fc3c508e4b0524b5d30dad2	40.680486	-73.781946	1
4fc40e5ae4b074b87a27a87a	40.575140	-73.978839	3
4fc4ceb3e4b02a2bec074fcf	40.765292	-73.974563	2
4fc7853ee4b0785353d2a2f6	40.625757	-73.900706	1
4fc8188ae4b07661ce8506f7	40.747898	-74.004790	3
4fca40ede4b026db02a89532	40.774650	-73.769720	1
4fcd2e72be77ce7bd52f8d64	40.703420	-73.994830	3
4fce177c7b0cb1efa611a451	40.693289	-73.990484	1
4fce184c7b0cb1efa611be1f	40.711744	-73.944790	1
4fce18ab7b0cb1efa611c83e	40.624621	-74.030621	1
4fce19e17b0cb1efa611ea25	40.827003	-73.917593	1
4fcfaeb0e4b0dd1e7d0f759c	40.712414	-74.007979	1
4fd5291ee4b02bbdc6557697	40.780632	-73.988533	2
4fd8fe560cd60705081c34a9	40.773896	-73.973200	1
4fdcb356e4b0ab51ec283c9c	40.795297	-73.926295	1
4fdccdc3e4b0654045a168a6	40.791053	-73.961864	1
4fe5f25fe4b0227204084069	40.753770	-73.983660	1
4feef837e4b0a66e40662c17	40.784298	-73.958704	1
4fef372fe4b0c859d58786ab	40.738900	-73.815402	1
4ff39094e4b0463f6fbd5103	40.739625	-74.002420	1
4ff611a3e4b0d27dd72f8525	40.868534	-73.901671	1
4ff7605ce4b054fbaa7c6094	40.775906	-73.975786	9
4ffa1e9ae4b03705cf82b987	40.779253	-73.989059	1
5002fc07e4b025b258df435d	40.692407	-74.014964	1
50071a3064a449a440e761a8	40.742608	-73.987727	1
5010450a830233a35065c976	40.831882	-73.925521	1
5010a01de4b034c3de895fce	40.739981	-73.878491	16
5012fd78067d7f455b552363	40.730446	-74.001600	1
501433a2e4b0649cc1da2483	40.684412	-73.894675	1
5018760fe4b0da44821d9041	40.840764	-73.891204	2
501c3723e4b09fbdebbacc04	40.772977	-73.983643	1
501ca9dbe4b03fc9223a629b	40.774233	-73.992934	2
501d003be4b0d94a007872c7	40.758791	-73.972916	2
50231d93e4b07836853d00cb	40.851962	-73.967796	1
502691cde4b0c75a157b11ce	40.789610	-73.981301	2
502988cce4b01d31f7fbf1a6	40.824771	-73.951871	1
5037f91716483e7c34e865a0	40.709011	-74.010944	21
503a80dae4b0d21c211fd9f0	40.575518	-73.981146	15
504425d7e4b0379868867a74	40.776203	-73.809164	1
504c94f5e4b0369116e3eacd	40.768107	-73.977588	25
50575be4e4b0c68360eceeec	40.710008	-73.961190	1
50605f8a498efd4a9c52c256	40.802818	-73.872691	3
5061b94a498e317f7c39277c	40.672716	-73.983884	1
50705cf0e4b0e78a1a372874	40.752074	-74.001990	9
5075ecade4b009da37c4af98	40.810601	-73.962183	2
507addcde4b021c55234a9f2	40.790955	-73.967257	1
508bfe94e4b0ca23f5f317e9	40.772839	-73.971843	2
508c010be4b0a1c847770432	40.648362	-74.004754	2
508c4d13e4b0661bf4d757ff	40.727676	-73.999683	2
508d49b8e4b01ceeb41d6769	40.739445	-74.035449	1
509e59eb498ec5d3bf55c881	40.747898	-73.956834	1
50a44c4de4b0765db2e8eb92	40.768447	-73.973496	1
50b0d473e4b099c54a8abcb7	40.810835	-73.867538	1
50bcebb7e4b0a8f8e01495a4	40.716879	-74.003906	1
50be7653e4b014b8ff8f7ee4	40.742459	-73.987454	1
50c09d13e4b0b8feec612869	40.702301	-73.922615	1
50caac15e4b0d4bd07cdf553	40.779243	-73.960673	2
50ccf5c9e4b07c154012ce39	40.808594	-73.956753	1
51040d76e4b08881ea65f9d1	40.772521	-73.971516	2
5122fb00e4b0255ef53142d0	40.771460	-73.981663	1
51295ee1e4b0351305f558f7	40.663212	-73.949005	1
512f62a48acaa669baca81e4	40.756921	-73.986107	1
51354126e4b080cc122160da	40.769616	-73.861269	1
5144723de4b0b07d5c50eb14	40.786460	-73.955485	4
51528eace4b0ba9d0b7c9cf1	40.764725	-73.983704	1
5154382be4b003cfd78bb321	40.753979	-73.984122	2
516432cfe4b0efd7930b58d0	40.755979	-73.956598	1
516d1ab2498ed05de19c07ca	40.663105	-73.931358	5
516d8cd9e4b0ab89278431e5	40.768005	-73.975860	1
51741e65498e39cf07f81625	40.695197	-74.000056	1
518a3146498e5f3df08dee20	40.849282	-73.945198	1
518f75e4498ea90dbb4969df	40.772543	-73.971613	5
518fd6bd498ed2166311a6ae	40.714562	-74.001921	1
5197d38b498e70efccfc91fe	40.733521	-73.836609	1
519a9f17498eae196fc5ae84	40.733076	-73.998398	2
51aa1bef498eedc5fbac49d9	40.709428	-74.010994	1
51ae6e99498e9b28818fb2ce	40.724038	-73.982007	1
51bf7191498e104af46e4454	40.753806	-73.983844	2
51c3296d498e342bb91add80	40.840289	-73.939980	1
51d4aade498e4812de192578	40.699860	-73.996540	1
51d903f0498e5972a89a94e3	40.849652	-73.930733	1
51e12b4f498e006fe836c672	40.659825	-73.970477	4
51f31956498e32fb3e1eff9e	40.575500	-73.978346	1
520d446904930e19245b03ab	40.704526	-73.986547	1
521cd1c293cd469ce13dbb47	40.742632	-73.960701	1