438d6b12f964a520322b1fe3	40.759253	-73.985152	343
4adfb640f964a520e57c21e3	40.745810	-73.988307	143
4a7b8beaf964a52058eb1fe3	40.755596	-73.973801	105
4ae6f117f964a520a6a721e3	40.745077	-73.988676	69
4b32d749f964a520df1425e3	40.744672	-73.984475	32
4fb48535e4b02faa1c408950	40.721920	-73.958136	22
4a5ef8bff964a52030bf1fe3	40.721049	-74.004951	15
4b7a3c1ef964a52018272fe3	40.780298	-73.946121	10
4aa70ec8f964a520e44b20e3	40.798907	-73.968611	5
4baa2e49f964a52005513ae3	40.749297	-73.976233	2
