4a0c2e7bf964a52014751fe3	40.762245	-73.979287	575
4d9c92f4baae54815f2cde64	40.741990	-74.003584	121
4a7b8beaf964a52058eb1fe3	40.755596	-73.973801	105
4e760aa5b61c22c638709910	40.721961	-73.958110	67
4f860f7de4b0f18937861f61	40.745092	-73.988395	36
4b047a60f964a5207e5422e3	40.755021	-73.973347	22
4aa053a1f964a520223f20e3	40.750230	-73.986484	16
4a62333df964a5205cc31fe3	40.757670	-73.981209	9
4cfac12efeec6dcb78254236	40.757589	-73.989388	5
4cf6f7a471538cfa5fd2b82e	40.744367	-73.989020	2
