439c437bf964a520f02b1fe3	40.758328	-73.985457	433
4a50f449f964a5204fb01fe3	40.762569	-73.982277	157
4a7b8beaf964a52058eb1fe3	40.755596	-73.973801	105
4d6b2a182bf05481869ecced	40.745726	-73.993680	53
43616a00f964a52030291fe3	40.719884	-73.988096	31
4c3e54c3b8b4be9a2a09ccef	40.745716	-73.993577	23
4d900c2e1716a143175d59f7	40.790829	-73.979046	15
4b1d1678f964a520b90b24e3	40.753281	-73.934418	9
4a669655f964a520c1c81fe3	40.732407	-73.998776	5
4be0906d4c55b651f575eab7	40.663012	-73.998128	2
