439c437bf964a520f02b1fe3	40.758328	-73.985457	433
4bd75116304fce72985e33ab	40.667261	-73.798299	128
44d7b1f3f964a52070361fe3	40.736507	-73.988804	105
4b094f8cf964a520871523e3	40.759090	-73.984680	57
4a048c32f964a5200a721fe3	40.738530	-73.985502	34
4b105163f964a520b26d23e3	40.761171	-73.986826	21
4aa833aef964a520045020e3	40.756585	-73.984515	14
4a68d6fff964a5201ccb1fe3	40.764971	-73.975292	10
4f6732b1e4b015497da7e83a	40.756984	-73.981531	5
4b07fb68f964a520e10123e3	40.753248	-73.966568	2
