438d6b12f964a520322b1fe3	40.759253	-73.985152	343
4ab79e30f964a520397a20e3	40.760540	-73.984624	132
3fd66200f964a520bbe61ee3	40.719339	-74.004872	109
4bbf8a28f8219c74a127b010	40.744017	-73.983063	65
3fd66200f964a52019e61ee3	40.736596	-73.988997	39
4a637181f964a52008c51fe3	40.761431	-73.974080	23
4ab6b1fff964a520987820e3	40.748344	-73.993741	16
4b4bbe3ff964a52016a626e3	40.759841	-73.986168	9
5061af94e4b0939b05783408	40.736294	-73.996652	5
51b7908d498e81a1542dbf80	40.750418	-73.986788	2
