3fd66200f964a520def11ee3	40.735282	-73.990403	876
40abf500f964a52035f31ee3	40.730844	-73.997356	546
4a06ff94f964a52017731fe3	40.799452	-73.973479	119
41196180f964a5200b0c1fe3	40.691182	-73.974810	78
4bd2612a77b29c74b7c08e82	40.702732	-74.014828	58
4f75342ee4b05b7073fd805e	40.776901	-74.014569	40
504c94f5e4b0369116e3eacd	40.768107	-73.977588	25
4a6b3073f964a52023ce1fe3	40.733521	-74.002426	14
4f44e550e4b0ea314b6f0fa8	40.822819	-73.942397	3
4c4f0db392b6a5930e92f270	40.760767	-73.998679	1
