40b68100f964a5207d001fe3	40.742188	-73.987924	831
40f1d480f964a5206a0a1fe3	40.747062	-74.005194	560
4081c500f964a52081f21ee3	40.721537	-73.952316	136
430d0a00f964a5203e271fe3	40.701594	-73.995924	97
4a468cd9f964a52015a91fe3	40.668758	-73.970304	52
4a9998b2f964a520552f20e3	40.771377	-73.968823	36
4ba10251f964a520828e37e3	40.770950	-73.983402	25
4f6b61d8e4b0e15b873dad2f	40.703999	-73.992613	11
4ad3df9ff964a520b0e620e3	40.751404	-74.024685	3
4afc244df964a520152022e3	40.785900	-73.969294	1
