3fd66200f964a520d7f11ee3	40.753987	-73.983822	803
40f1d480f964a5206a0a1fe3	40.747062	-74.005194	560
4a5e4f41f964a52059be1fe3	40.775854	-73.975255	146
41196180f964a5200b0c1fe3	40.691182	-73.974810	78
49cea4dff964a5206a5a1fe3	40.724315	-73.943534	54
4b549e0cf964a520f6c227e3	40.711467	-73.992963	38
4b723621f964a52018742de3	40.733714	-73.984208	25
4a4e944df964a520baae1fe3	40.729752	-73.960880	9
4bcb02d8511f95218fa0b0c7	40.649820	-73.834069	4
501433a2e4b0649cc1da2483	40.684412	-73.894675	1
