40b68100f964a5207d001fe3	40.742188	-73.987924	831
40abf500f964a52035f31ee3	40.730844	-73.997356	546
4a5e4f41f964a52059be1fe3	40.775854	-73.975255	146
4ba61935f964a520673339e3	40.851962	-73.826966	79
4aaa38e9f964a520a15520e3	40.593230	-73.891640	57
4a3d30adf964a520f0a11fe3	40.744526	-73.843918	37
4dd5b29781dcd5bca59494d9	40.591817	-73.978960	23
4b8f3b87f964a520ba4e33e3	40.793504	-73.935916	10
4dd7dd4a8877f1150ff3d67a	40.649854	-73.832346	3
4bb7a9d453649c74501046fb	40.630389	-74.010655	1
