3fd66200f964a520d7f11ee3	40.753987	-73.983822	803
40abf500f964a52035f31ee3	40.730844	-73.997356	546
4a99898ff964a520f22e20e3	40.790809	-73.965712	146
4ba61935f964a520673339e3	40.851962	-73.826966	79
4a299005f964a520a8951fe3	40.748667	-73.988376	58
43222200f964a5209c271fe3	40.745436	-73.958437	44
4b0997e8f964a520091a23e3	40.678415	-74.018224	21
4ba53581f964a5202aec38e3	40.662946	-73.743680	11
4bd494a729eb9c742fe691e1	40.574050	-74.190110	4
4c41d63e5faf76b07e884820	40.771298	-74.015768	1
