412d2800f964a520df0c1fe3	40.771426	-73.973501	848
42893400f964a52052231fe3	40.663908	-73.970947	310
4081c500f964a52081f21ee3	40.721537	-73.952316	136
41196180f964a5200b0c1fe3	40.691182	-73.974810	78
4bd2612a77b29c74b7c08e82	40.702732	-74.014828	58
4a9326bff964a520f81e20e3	40.804422	-73.943675	40
4a6c8461f964a520afd01fe3	40.737025	-74.005487	22
4ba53581f964a5202aec38e3	40.662946	-73.743680	11
4cc350793d7fa1cd9feca45f	40.708445	-73.957855	3
4bcf3219046076b0aecd6d71	40.699983	-73.986182	1
