3fd66200f964a520d7f11ee3	40.753987	-73.983822	803
40abf500f964a52035f31ee3	40.730844	-73.997356	546
4a5e4f41f964a52059be1fe3	40.775854	-73.975255	146
41196180f964a5200b0c1fe3	40.691182	-73.974810	78
4a468cd9f964a52015a91fe3	40.668758	-73.970304	52
4a3d30adf964a520f0a11fe3	40.744526	-73.843918	37
504c94f5e4b0369116e3eacd	40.768107	-73.977588	25
4c56c650d12a20a12f2065bd	40.638137	-73.938138	13
4c02f70af56c2d7f66421c66	40.582019	-73.838897	3
4dbbf94da86e0e98a1d6bbd4	40.793735	-73.957385	1
