412d2800f964a520df0c1fe3	40.771426	-73.973501	848
40f1d480f964a5206a0a1fe3	40.747062	-74.005194	560
42daf100f964a52035261fe3	40.703578	-74.016180	192
41196180f964a5200b0c1fe3	40.691182	-73.974810	78
4bd2612a77b29c74b7c08e82	40.702732	-74.014828	58
4b549e0cf964a520f6c227e3	40.711467	-73.992963	38
4a4ff7a8f964a520ddaf1fe3	40.647792	-74.003735	23
4dfe347945dd1beaf343018d	40.743091	-73.882200	11
4deb70d5b0fb8293f7ee782b	40.771104	-73.971527	3
4c51d82d99ecc9b6f249f859	40.809021	-74.001032	1
