40b68100f964a5207d001fe3	40.742188	-73.987924	831
40abf500f964a52035f31ee3	40.730844	-73.997356	546
4a06ff94f964a52017731fe3	40.799452	-73.973479	119
4ba51a2bf964a52074dd38e3	40.768094	-73.978286	77
4a299005f964a520a8951fe3	40.748667	-73.988376	58
4a3d30adf964a520f0a11fe3	40.744526	-73.843918	37
4ba10251f964a520828e37e3	40.770950	-73.983402	25
4db4871b5da3a76f44408373	40.730107	-73.885175	12
4dfceb921520af693670e7d3	40.718298	-74.015965	3
4be461c4bcef2d7f037902e5	40.738624	-74.008241	1
