412d2800f964a520df0c1fe3	40.771426	-73.973501	848
40abf500f964a52035f31ee3	40.730844	-73.997356	546
4a06ff94f964a52017731fe3	40.799452	-73.973479	119
4ba61935f964a520673339e3	40.851962	-73.826966	79
4aaa38e9f964a520a15520e3	40.593230	-73.891640	57
4be1dcc440c0ef3b2f5cbed6	40.860511	-73.933683	36
4a413bb8f964a52000a51fe3	40.768257	-73.981032	22
4e3892b7d4c046ee86b1db33	40.776062	-73.975464	10
4dcd6b94c65bdac71347323d	40.660965	-73.986530	4
4bbdddaff57ba5937489aeb9	40.680296	-73.928268	1
