4b3a38bcf964a520806225e3	40.612345	-74.178489	8
4b683d01f964a520896d2be3	40.634919	-74.111829	3
4b8f0146f964a520ed4333e3	40.615761	-74.065328	1
4ba39ba8f964a520844b38e3	40.595641	-74.082570	1
4bb09b46f964a520074f3ce3	40.634121	-74.185266	1
4bc7117514d79521cda366e9	40.600694	-74.087172	1
4bc9d5bbfb84c9b61bae1b3e	40.564280	-74.132721	1
4c06b7852e80a593328d74f9	40.578552	-74.096859	3
4c1813d1834e2d7f1c612880	40.564270	-74.116525	1
4c291c52e19720a193fff858	40.579379	-74.109006	8
4c46e78d417b20a151d3dba9	40.572502	-74.128505	1
4c4ef1799efabe9a21fbe96a	40.638332	-74.200732	1
4c50f3420ef3a59330d22e7b	40.564277	-74.112293	1
4c5ae4355c57c9b6bc551e4a	40.647396	-74.231050	1
4c6439307f7be21ef771f90f	40.648149	-74.130651	2
4c93d20694a0236a74bf8612	40.624572	-74.137923	1
4ceea01b13aea14359cc6e9f	40.560677	-74.120575	1
4cf58c7adc40a35d5bfa4254	40.644813	-74.109214	25
4d5bdc889895b1f7d3e5de0f	40.575296	-74.218222	1
4d7ac95fc7fca14359a423a2	40.579921	-74.099864	1
4d97414d942ba0933333678c	40.583166	-74.113020	1
4dc839601838d0d8f4a40641	40.579820	-74.214640	1
4dff4d2fe4cdf7246078091e	40.588528	-74.200097	1
4e0960dc7d8b2a018066d133	40.636465	-74.119506	1
4e3bed3bb61cb577be61d875	40.637507	-74.206454	2
4e4942d07d8b91a065b2d1d1	40.638062	-74.076124	13
4e5088adb61cf637a505a5d7	40.568562	-74.224611	3
4e5cf3e0d164ced553f12b65	40.578670	-74.114995	5
4e765507091a4b66f20d430d	40.647971	-74.230027	1
4e95a468d3e3d07dbad1e554	40.607091	-74.088101	1
40870b00f964a5209af21ee3	40.824112	-73.915668	1
42508380f964a520cb201fe3	40.723126	-74.006271	25
42ffdb00f964a520f5261fe3	40.751548	-73.975303	61
43446900f964a5206c281fe3	40.759090	-73.973715	5
43695300f964a5208c291fe3	40.748281	-73.985563	795
437bc800f964a520a62a1fe3	40.759434	-73.972744	5
437d1980f964a520a82a1fe3	40.761238	-73.975774	32
43a69d3ef964a5205d2c1fe3	40.725879	-74.003912	8
456ee36df964a520203e1fe3	40.781057	-73.980056	28
457ed3aaf964a520403f1fe3	40.724826	-73.995545	5
466ed6d2f964a520bb471fe3	40.712884	-73.945791	1
473c3330f964a5205d4c1fe3	40.749375	-74.001660	1
499de842f964a5208b521fe3	40.745342	-74.007837	30
49a411d4f964a5209b521fe3	40.749061	-73.980372	21
49b18f4af964a520d7521fe3	40.755636	-73.981735	10
49ee8833f964a52068681fe3	40.754511	-73.981462	4
4a0ad40df964a520af741fe3	40.748721	-74.006690	9
4a2f1365f964a520a5981fe3	40.763164	-73.974368	1
4a3fa302f964a520cba31fe3	40.742123	-73.991351	1
4a679cbef964a520c9c91fe3	40.744351	-73.982461	116
4a69cfb4f964a52014cc1fe3	40.764661	-73.980044	4
4a6cf631f964a52032d21fe3	40.707031	-74.010569	2
4a6fa0abf964a520a4d61fe3	40.713486	-74.015228	23
4a72faf6f964a52068db1fe3	40.760738	-73.963739	14
4a78d55cf964a5208be61fe3	40.712297	-74.008498	3
4a7a1998f964a52089e81fe3	40.718234	-74.003580	1
4a7a33d8f964a520d6e81fe3	40.706041	-74.009035	4
4a7b5631f964a520b9ea1fe3	40.768314	-73.954870	10
4a7b7f02f964a52037eb1fe3	40.751635	-74.006613	15
4a7c61fef964a52072ec1fe3	40.762418	-73.973949	109
4a7c7b00f964a520bfec1fe3	40.739931	-73.991689	2
4a807810f964a52061f51fe3	40.762864	-73.978885	1
4a855d7df964a5202efe1fe3	40.754104	-73.976285	25
4a86124af964a5204d0020e3	40.755182	-73.991356	6
4a879cd8f964a520ca0420e3	40.823993	-73.944336	41
4a8ab27cf964a520390a20e3	40.755741	-73.985606	3
4a8d5d5df964a520860f20e3	40.740375	-73.990128	2
4a942552f964a520842020e3	40.756320	-73.986076	31
4a946654f964a5207c2120e3	40.719399	-74.000079	2
4a96c811f964a520f22620e3	40.816719	-74.017369	7
4a9701f8f964a520f12720e3	40.751450	-73.992337	23
4a976bcbf964a5208f2920e3	40.720973	-73.956713	2
4a97f535f964a520f92920e3	40.706882	-74.009926	204
4a9ad615f964a520093320e3	40.747340	-74.001192	2
4a9b2647f964a520963420e3	40.778047	-73.975141	2
4aac0be3f964a520de5b20e3	40.680520	-73.977698	2
4ab3d6d4f964a520af6e20e3	40.726344	-73.996793	3
4ab90912f964a520c17d20e3	40.744966	-73.990025	5
4ab965fff964a520377f20e3	40.736102	-73.950640	1
4abb79b8f964a520cc8320e3	40.745518	-74.008884	65
4abd45a3f964a520588920e3	40.687156	-73.985300	7
4abe7f9ef964a520068e20e3	40.712980	-74.013187	69
4abef1b2f964a520919020e3	40.740098	-74.027215	2
4ac0c862f964a520869420e3	40.741615	-73.985739	1
4ac26697f964a520f59820e3	40.751142	-73.976188	10
4ac5345bf964a520f7b020e3	40.755982	-73.998311	1
4ac78e63f964a520f9b720e3	40.741672	-73.995505	1
4aca10d4f964a5205dc020e3	40.652554	-73.900212	79
4acf6882f964a52079d320e3	40.709777	-73.996200	7
4acf7359f964a520c5d320e3	40.746865	-74.006007	2
4ad35faaf964a52003e420e3	40.707346	-74.012434	2
4ad4bc35f964a520f9e820e3	40.739982	-73.993360	14
4ad65aa0f964a520b80621e3	40.758686	-73.972635	11
4ad74202f964a520220921e3	40.741292	-74.002724	6
4ad900baf964a520021721e3	40.745048	-74.002541	1
4adc713af964a5205a2c21e3	40.754613	-73.982749	5
4adee193f964a520d77621e3	40.759160	-73.995700	65
4ae0adf3f964a520948121e3	40.747224	-73.943825	121
4ae0e615f964a5207f8321e3	40.745940	-73.984641	2
4ae61355f964a52085a421e3	40.736374	-73.937633	4
4aea1121f964a52008b921e3	40.766762	-73.983135	96
4aee03f2f964a52055d121e3	40.735948	-73.987492	1
4aef2a26f964a52037d621e3	40.691353	-73.989904	2
4af0cb26f964a5203edf21e3	40.759535	-73.978449	16
4af2f7dff964a52071e921e3	40.755161	-73.984113	61
4af33752f964a520cdeb21e3	40.765525	-73.981003	1
4af47e89f964a52024f321e3	40.755681	-73.982191	7
4afeec3df964a520b53122e3	40.792174	-73.937473	2
4b014ad3f964a520fd4122e3	40.703424	-74.009393	31
4b020288f964a5202c4722e3	40.765591	-73.981290	1
4b043694f964a5202e5222e3	40.760185	-73.960960	1
4b059695f964a52083df22e3	40.725751	-73.948700	1
4b0870b9f964a520ed0b23e3	40.679929	-73.945847	4
4b094514f964a520171523e3	40.775153	-73.947733	3
4b0d3928f964a520ca4423e3	40.736803	-73.978856	1
4b0eb64af964a520f45923e3	40.722088	-73.993306	4
4b0ee901f964a520a25c23e3	40.720354	-73.840089	12
4b0f00ccf964a520f25d23e3	40.770489	-73.956885	2
4b1414b2f964a520fb9c23e3	40.680395	-73.987155	2
4b16e285f964a520f3be23e3	40.805349	-73.965380	1
4b17f67bf964a52060ca23e3	40.717993	-74.000020	8
4b1aa147f964a520deed23e3	40.708615	-74.006259	1
4b1fb20af964a520242824e3	40.746245	-73.982030	4
4b218e6ef964a520dc3d24e3	40.769258	-73.960484	8
4b26d67ff964a520c18124e3	40.697849	-73.927420	1
4b2820d5f964a520778f24e3	40.775836	-73.958883	35
4b28fc22f964a520f69624e3	40.762645	-73.972715	1
4b2a21abf964a5206da524e3	40.702814	-73.989508	3
4b2bccfff964a5203ebb24e3	40.767611	-73.971258	52
4b2dab71f964a52037da24e3	40.782936	-73.949914	2
4b354819f964a520e12b25e3	40.768884	-73.987528	1
4b3a479bf964a520a76325e3	40.755198	-73.962471	4
4b3ad208f964a520df6e25e3	40.708344	-74.016609	2
4b3cf3f7f964a520688a25e3	40.707559	-73.968118	3
4b3e6b26f964a520dc9c25e3	40.761229	-73.999350	1
4b3eb7bff964a52054a125e3	40.750068	-73.969903	5
4b437399f964a5209ce025e3	40.706401	-74.013326	1
4b44ae1ef964a5204af925e3	40.768083	-73.953430	1
4b46454cf964a520111c26e3	40.750149	-73.976516	1
4b46c619f964a5200c2826e3	40.763508	-73.971085	1
4b4ebaa1f964a520b0f426e3	40.770671	-73.991227	8
4b5087dff964a520442627e3	40.725555	-74.006598	1
4b51e158f964a520605927e3	40.720860	-73.980147	1
4b533c00f964a5206e9327e3	40.685398	-73.977733	13
4b537c69f964a5205e9f27e3	40.723696	-73.998299	1
4b55c199f964a52092ee27e3	40.739887	-74.002420	1
4b55e6f5f964a52078f527e3	40.709020	-74.006919	4
4b55fe35f964a520dcfa27e3	40.606170	-73.989336	2
4b5629bbf964a5202a0328e3	40.763146	-73.982208	1
4b574e89f964a520713028e3	40.757950	-73.789516	7
4b57527af964a520553128e3	40.753943	-73.980630	2
4b58c03df964a5201d6928e3	40.759010	-73.979298	210
4b58fad9f964a520a97628e3	40.761225	-73.960111	4
4b5b5cb3f964a520d0f728e3	40.748878	-73.973777	2
4b5dad64f964a5205b6629e3	40.713394	-74.015567	2
4b5e495cf964a520ce8729e3	40.779126	-73.947827	3
4b5f74c8f964a5206bbb29e3	40.706132	-74.016373	4
4b609159f964a52012ee29e3	40.744764	-73.981426	3
4b60a96ff964a520cdf229e3	40.741448	-73.996934	3
4b646b20f964a52093b12ae3	40.744032	-73.989778	1
4b649a37f964a5203bc12ae3	40.726421	-74.006139	4
4b64b15ef964a520dfc82ae3	40.822393	-73.942747	2
4b64b7f0f964a520caca2ae3	40.744867	-73.981054	6
4b64f945f964a52028dd2ae3	40.772190	-73.978795	4
4b681dd3f964a520e0672be3	40.744462	-73.994312	2
4b6869a6f964a520f4762be3	40.752520	-74.004004	4
4b686b82f964a52068772be3	40.744583	-74.007493	4
4b69a501f964a5200aab2be3	40.776789	-73.988668	4
4b6ae128f964a520f6e42be3	40.761991	-73.982547	1
4b6f0cd0f964a520a3d92ce3	40.662127	-73.982891	2
4b6f2c47f964a520e0e12ce3	40.763093	-73.976366	1
4b6f65f3f964a520d7ee2ce3	40.748038	-74.036642	1
4b6f6b17f964a520c9ef2ce3	40.742890	-73.980506	7
4b706aa4f964a5201f192de3	40.762356	-73.972130	1
4b71c33ff964a520fc5a2de3	40.759448	-73.972015	3
4b7227a9f964a52095712de3	40.771474	-73.989315	1
4b74b405f964a5205ced2de3	40.721010	-74.035426	6
4b754520f964a520b1032ee3	40.718798	-73.952236	1
4b771e03f964a520257f2ee3	40.757695	-73.971114	1
4b789064f964a52016d72ee3	40.774826	-73.988974	1
4b78d0c1f964a52060e32ee3	40.754669	-73.880224	1
4b79e393f964a52090182fe3	40.716307	-74.014964	7
4b7b161af964a520a2502fe3	40.753759	-73.981204	4
4b7c2a9ef964a520a4812fe3	40.779792	-73.981829	1
4b7c868af964a520ca982fe3	40.727772	-73.946318	2
4b7d9db7f964a5200dca2fe3	40.706175	-74.012583	1
4b7e01c0f964a520afde2fe3	40.719481	-73.963968	3
4b7ec5f4f964a5204dfe2fe3	40.713533	-73.828291	6
4b7efb15f964a520fe0d30e3	40.833216	-73.890216	8
4b7f44fff964a520cf2330e3	40.769872	-73.965466	1
4b82ba62f964a520d0e030e3	40.709129	-74.008629	1
4b83134df964a52016f630e3	40.745144	-73.982770	4
4b84494bf964a5207f2c31e3	40.711579	-74.009559	3
4b857281f964a5208b5e31e3	40.767552	-73.981301	6
4b85b491f964a520086e31e3	40.741951	-74.005766	2
4b86b450f964a5206a9731e3	40.788003	-73.884521	11
4b8eaee5f964a520c33033e3	40.822703	-73.941421	2
4b8edbebf964a520473b33e3	40.764384	-73.979660	2
4b8ef3fcf964a520c24033e3	40.751373	-73.978237	1
4b8fa8e6f964a520de5b33e3	40.750026	-73.976740	4
4b9121d3f964a520a8a533e3	40.688676	-73.980346	4
4b930784f964a520fd2f34e3	40.712777	-73.999287	1
4b953355f964a520899434e3	40.735623	-73.991488	10
4b956b5bf964a52095a134e3	40.761256	-73.973892	1
4b957a85f964a520b7a434e3	40.709135	-74.004928	32
4b959578f964a520c5aa34e3	40.696229	-73.969375	2
4b979b70f964a5204c0b35e3	40.759316	-73.961569	1
4b984feaf964a520353b35e3	40.708186	-73.926289	2
4b99a220f964a520c08835e3	40.797453	-73.995591	14
4b9a6aaaf964a5207fb335e3	40.707951	-74.005680	21
4b9a8568f964a5205bbd35e3	40.719412	-74.033904	1
4b9c0f92f964a520e74536e3	40.762536	-73.971200	3
4b9c24ebf964a5209b4e36e3	40.737083	-74.037158	16
4b9d72c8f964a5207cad36e3	40.801290	-73.947908	4
4b9e9a2ff964a520faf236e3	40.763899	-73.787052	3
4b9eb2d1f964a52099fa36e3	40.801536	-73.943763	1
4b9f0c80f964a520971137e3	40.800732	-73.966247	1
4b9f87bff964a5203b2937e3	40.754845	-73.993824	2
4b9fa31df964a520983037e3	40.773367	-73.796208	1
4b9fca9ef964a520073f37e3	40.580998	-73.972732	1
4b9fd2f9f964a520ff4137e3	40.836866	-73.840742	4
4b9ffdfaf964a520895037e3	40.738488	-73.989916	2
4ba0ef8ef964a520568837e3	40.780018	-73.957459	1
4ba10ddff964a5200b9337e3	40.753915	-73.984297	1
4ba11948f964a520989737e3	40.750297	-73.991488	5
4ba13dd7f964a52035a537e3	40.708522	-74.004773	1
4ba16c68f964a520bcb537e3	40.828555	-73.937575	4
4ba16fd2f964a520e3b637e3	40.776079	-73.929068	1
4ba22548f964a5200cdf37e3	40.754396	-73.899945	1
4ba272b8f964a520f7f937e3	40.781465	-73.952058	11
4ba2c0bef964a520481638e3	40.795759	-73.972468	2
4ba51dc5f964a5205bdf38e3	40.710790	-74.007361	2
4ba68b72f964a520e15c39e3	40.630321	-74.009149	1
4ba7ab66f964a52025a839e3	40.759251	-73.982495	10
4ba83a9cf964a52054d239e3	40.763399	-73.924097	61
4ba8884df964a520d8de39e3	40.734589	-73.864692	1
4ba8ce08f964a5204ff039e3	40.716624	-73.944749	1
4ba99958f964a52068303ae3	40.730294	-74.031725	17
4baa2fc8f964a52086513ae3	40.733162	-73.992383	1
4baa473ff964a5206f5a3ae3	40.752085	-73.981181	1
4bab89e9f964a5209fb13ae3	40.719482	-74.041594	1
4baca110f964a52059ff3ae3	40.794126	-73.975952	1
4bacaf0af964a52085033be3	40.801411	-73.938522	1
4bad3484f964a520f6383be3	40.798390	-73.940514	4
4bad5341f964a52058463be3	40.801683	-73.935267	13
4bad9a3ff964a520625e3be3	40.726813	-73.996372	68
4bae0748f964a5207c7c3be3	40.783070	-73.978598	1
4bae45fdf964a520a89b3be3	40.762935	-73.999058	2
4bb0079ef964a520c7323ce3	40.624326	-73.938895	17
4bb157abf964a520948d3ce3	40.780834	-73.959231	1
4bb2842735f0c9b6f164bb83	40.750642	-73.995454	1
4bb2949b14cfd13a6b2a15ab	40.724877	-73.997147	4
4bb3416b42959c74fcab212c	40.737035	-73.992842	1
4bb4acf1f1b976b000241f20	40.820433	-73.958039	1
4bb4ae79f1b976b0e5251f20	40.868608	-73.916495	10
4bb4c189f1b976b0e23f1f20	40.760033	-73.980517	1
4bb555daef159c7425aa74f7	40.714676	-74.010791	1
4bb617b2f562ef3b379a2f97	40.710404	-74.007687	1
4bb694502ea1952144f0ab2f	40.744206	-73.985937	3
4bb9230d1261d13a635ee998	40.752941	-74.003459	31
4bbcb885593fef3b49820256	40.747842	-73.992405	2
4bbdf261593fef3b030b0456	40.707316	-73.803896	2
4bbdf449a0a0c9b69b361c0f	40.744896	-73.972218	1
4bbe1101c6a2ef3b8f3bddbd	40.723082	-73.998679	4
4bbe2ec61416a593f7c6f33c	40.712638	-73.973203	5
4bbf43b4f353d13a0a477e10	40.706045	-74.009754	1
4bbf97b174a9a59311b9cef6	40.760216	-73.977284	12
4bbf9e78920eb713c5a7172c	40.737398	-73.938717	1
4bc10415abf49521865fc093	40.723826	-74.010614	10
4bc25058abf49521f25fc293	40.765196	-73.771708	2
4bc2acb1b492d13ae5dfa760	40.744390	-73.994272	2
4bc377e6920eb7130d811d2c	40.746145	-73.978575	1
4bc3cb36dce4eee141c1719d	40.830957	-73.884723	8
4bc6269fb387d13a8163c1e8	40.783872	-73.825552	2
4bc62885d35d9c747d43e23a	40.854364	-73.867736	7
4bc63759f360ef3bc958db2d	40.769517	-73.969019	4
4bc7917c92b376b0aaf94f3a	40.820782	-73.892874	1
4bc8be4daf07a593be8e812d	40.783206	-73.970819	1
4bc9e3e53740b713dd755f65	40.780707	-73.952890	1
4bc9fefc3740b713e9c05f65	40.790087	-73.944469	4
4bca45ca511f9521e27dafc7	40.758985	-73.999528	2
4bcf6b85046076b010456e71	40.702286	-73.990765	1
4bcfa48a41b9ef3b21ecf8e5	40.647571	-73.979551	3
4bcfc450b221c9b681c1d2d0	40.754816	-73.966430	7
4bd0418bcaff9521476ecef0	40.696380	-73.988070	1
4bd07c8241b9ef3b9626fae5	40.872142	-73.912390	2
4bd09badb221c9b65609d4d0	40.748396	-73.992619	2
4bd0e7d8046076b0a0037171	40.736819	-74.035185	1
4bd1f6ec9854d13a10a3fa4d	40.865499	-73.866638	1
4bd20e7e046076b0e41f7371	40.791709	-73.814403	3
4bd48ef44e32d13a6c5fbf80	40.601355	-73.934843	2
4bd5af6b29eb9c743bb193e1	40.759638	-73.973576	9
4bd5b66b9649ce72698e511d	40.650257	-73.783641	11
4bd5bf684e32d13af45ac180	40.743638	-73.994266	7
4bd5e71f637ba593c340f770	40.704603	-73.986745	1
4bd72ed532a29521f4fad5b8	40.752689	-73.978724	12
4bd876ebdc4b95212f367988	40.778367	-73.894510	2
4bd877c335aad13a68f490f3	40.767313	-73.984481	5
4bd91793e914a593a5b255fa	40.801054	-73.932678	1
4bd968f9e914a593ce5f56fa	40.765175	-73.961457	1
4bda2df9c79cc92840ed7de9	40.851107	-73.938089	1
4bdacb2e3904a5935256479e	40.706151	-74.006707	4
4bdacdcf63c5c9b6c8fa2468	40.690908	-73.957078	15
4bdad9373904a5934c90479e	40.816189	-73.918472	1
4bdc7acbc79cc9287dbe86e9	40.771483	-73.950393	6
4bddc832587b2d7f3b0e5509	40.716761	-73.998019	4
4bddcf22e75c0f479cb1c503	40.743877	-73.975585	1
4be0676ecb81c9b68cbe658b	40.728009	-73.830830	1
4be07eea2aed2d7f0090c86f	40.742469	-73.991418	2
4be16a2ed816c928c1f6efd9	40.741673	-74.003333	4
4be16f820365c9b662a2b338	40.763577	-73.973542	2
4be2035f9296c9b6caf69390	40.667923	-73.953604	4
4be346c4d27a20a1c8c0915b	40.758465	-73.993973	5
4be5451acf200f475b03133c	40.692560	-73.940399	2
4be5c41f5254d13a338f60e1	40.688629	-73.999723	3
4be5c6f7cf200f47c7b6133c	40.797879	-73.961060	1
4be6c58fbcef2d7f206d05e5	40.595586	-73.742548	1
4be6d905d4f7c9b6451b2720	40.827683	-73.856514	158
4be70d9d53e59521d9d238ce	40.688238	-74.000286	1
4be823ced837c9b6e7eba406	40.692540	-73.990162	1
4be8a2ebd837c9b6209ba506	40.798316	-73.963275	4
4be92ed8ee96c928baddfebf	40.843553	-74.002811	1
4be94b12947820a147cab5db	40.781916	-74.021357	7
4be9518ac5220f47e0a8aaca	40.730302	-74.007034	3
4be971639a54a593710f0b11	40.748454	-74.000209	4
4be99814a9900f479a811540	40.712337	-74.008069	16
4beb1f376295c9b6d9508708	40.782670	-73.947838	2
4bec01f5a9900f475d6c1840	40.757368	-73.970947	1
4bec3db9b3352d7f9c7157d2	40.746517	-73.982420	2
4bec740c49430f4787bd07d2	40.775294	-73.980362	6
4bec7d61b68520a170331287	40.716217	-73.744617	1
4becd0ded5510f476216cd6c	40.699823	-73.943000	12
4befbfb53a002d7fdb5c85a4	40.761588	-73.967997	1
4bf0304ef831c928ceb201f2	40.672892	-73.865912	1
4bf036b4d4e4d13a6b0216a7	40.764226	-73.993649	6
4bf3ce686a31d13a92f8942e	40.756802	-73.970127	1
4bf4454a354e9c7492b92602	40.742935	-73.975528	1
4bf56c446a31d13af0dc962e	40.780319	-73.947058	1
4bf625895efe2d7fcac06634	40.780791	-73.944389	1
4bf6e98313aed13a5572eaf7	40.874157	-73.837533	17
4bf7004c4a67c92867d522cf	40.745713	-73.895953	1
4bf732388d30d13aa1a5fe17	40.641989	-73.897779	3
4bf801b28d30d13ac5e2ff17	40.792578	-73.998467	1
4bf8083b8d30d13ad2f1ff17	40.737730	-73.941379	2
4bf82c614a67c92860ed24cf	40.761078	-73.835694	1
4bf96161b182c9b6c5cd785a	40.748338	-73.995821	4
4bfa79ee5efe2d7f5f9e6d34	40.751075	-73.934630	25
4bfae8c6ab180f47d81fb3ce	40.751288	-73.974209	1
4bfc3d4cda7120a1bbc149fd	40.738007	-73.980492	1
4bfd2804e529c9289f74ba8c	40.626240	-73.918218	2
4bfd9925f61dc9b683429fde	40.761328	-73.971257	1
4bfe67a94cf820a1e3c9edf4	40.749549	-73.939083	11
4c001b4fc30a2d7fce05121d	40.670419	-73.981910	1
4c00463ddaf9c9b6ca93fbef	40.743316	-74.004062	1
4c0188d70bce20a1b7eef6c6	40.731917	-73.854511	1
4c054cd947049c747230ae4d	40.696406	-73.982495	1
4c05ce4e5753c9286e153af1	40.694192	-73.983141	4
4c0670c391d776b067d5f8f9	40.727379	-73.952724	7
4c06e022b4aa0f4778cc6462	40.749334	-73.889594	1
4c071e5e8b4520a1e98c8697	40.756976	-73.998099	3
4c0736028a81c9b66ffc2690	40.767800	-74.025637	1
4c07c878708c2d7f2777ca63	40.829049	-73.948838	1
4c07fc09bbc676b0e1d145d5	40.872434	-73.855721	1
4c0940c7009a0f47c06fe7bf	40.716507	-73.742611	2
4c094f7b7e3fc92818c1f182	40.735457	-73.988515	1
4c0c03b5bbc676b0ac6e4cd5	40.671281	-73.895818	1
4c0d3b6db1b676b08746e086	40.653953	-73.790402	3
4c0d6cba2466a593528f7721	40.714446	-74.009982	1
4c0e43ad7189c928e827d8b6	40.723560	-74.004739	1
4c0e86f4d64c0f47f456285d	40.740043	-73.991976	1
4c0eb64ec6cf76b02d2c8151	40.761919	-73.982265	2
4c1116b8b93cc9b6c4c357e0	40.835225	-73.870494	1
4c112fb3f1b6a5932f1c7d27	40.706902	-73.791626	3
4c118c7e72caa5937ac75da4	40.722590	-73.987431	1
4c128083a1010f47e3f84818	40.752646	-73.987500	1
4c129348a9c220a1373d549d	40.723858	-73.951193	1
4c12bf2ca9c220a19393549d	40.582750	-73.957339	3
4c14dbf1127f952121ea2425	40.667747	-73.953722	1
4c17bb6bd4d9c9288160ee29	40.744468	-73.986360	1
4c17c11b4ff90f47b7630d49	40.733178	-73.991400	1
4c17e932834e2d7fb1142880	40.809099	-73.953235	2
4c18be73834e2d7f553a2980	40.623288	-73.997554	7
4c1994954ff90f474e441049	40.807473	-73.947173	4
4c1b8cbcb9f876b0e2607a46	40.768011	-73.911424	1
4c1b9315b9f876b0c96b7a46	40.777619	-73.988401	2
4c1ba9ce3855c9b63e60cc71	40.740520	-73.986920	2
4c1eea89b306c928cdce67b7	40.809651	-73.949222	1
4c1fd342920076b03559c5e9	40.752629	-73.986329	50
4c1fe87663750f47d6dabb67	40.832958	-73.941857	2
4c20b7c83573c9b6b0bd3515	40.712271	-73.826896	1
4c22847f11de20a1f9ff84ce	40.728674	-73.998306	1
4c250c3f905a0f474dd26060	40.731593	-73.945129	1
4c280ebc9fb5d13a511d9957	40.763214	-73.959371	2
4c28f29b3492a593212cb828	40.818418	-74.008618	3
4c29116bfe6e2d7fc240543c	40.706398	-74.005812	8
4c2a14a4fe6e2d7faec9553c	40.809132	-73.946207	1
4c2a2aeafe6e2d7f9af8553c	40.754147	-73.995379	11
4c2a4bc9b1ddc9b661e052fb	40.781517	-73.979738	1
4c2b42648abca59387d6ff1f	40.850457	-73.910440	1
4c2b9b41ae6820a12c161843	40.752365	-74.005995	4
4c2c934cb34ad13adb77ebce	40.734597	-73.990873	1
4c2cdb50d1a10f474d1ffa64	40.718551	-73.804300	31
4c2ec64f7cc0c9b644beea9a	40.763219	-73.963612	3
4c2fe11b66e40f4721c3c28b	40.734119	-73.990581	3
4c3091a0a0ced13aec4c126e	40.782074	-73.945451	3
4c30dc9a66e40f47a729c48b	40.830670	-73.900794	1
4c30eb0216adc92878dfbf9c	40.715595	-73.939182	1
4c320c517cc0c9b685a0ef9a	40.724355	-73.991809	1
4c325ed7a0ced13a550e156e	40.724185	-74.036510	4
4c3330ff3ffc9521728390f5	40.756098	-73.963865	22
4c33472fa0ced13a7c53166e	40.735224	-73.951598	2
4c34fdac16adc928831ac69c	40.853456	-73.801426	15
4c35010d452620a1ef17260f	40.827295	-73.979614	7
4c35d4a8213c2d7f47ad3a5d	40.754715	-73.975826	3
4c3665a93849c928b900bcb1	40.706342	-74.011344	43
4c3699310a71c9b664843dc9	40.832884	-73.950060	1
4c3793e42c8020a16d488900	40.756469	-73.982958	1
4c38d48c93db0f47c0572292	40.748566	-73.980676	1
4c390fc70a71c9b6f5e841c9	40.815930	-73.958194	17
4c3b5deb16cb2d7f00c102a9	40.762968	-73.977789	2
4c3b715562f1c928e9878f53	40.649449	-74.014803	1
4c3b8227be4620a1d8780c13	40.747936	-73.981795	1
4c3cd672a9509c74f94c395b	40.740500	-73.979482	26
4c3db769b169c9b6a95d4768	40.762244	-73.973436	1
4c3dd5427c1ee21ef66b8e71	40.754839	-73.994329	1
4c3df0d1b8b4be9a666dcbef	40.757644	-73.961257	1
4c3ea2060e0d0f4730e5157f	40.774485	-73.983287	6
4c3f3ad6ce54e21e4ab8071a	40.721032	-74.008342	1
4c3f4465cc410f4767e8a761	40.809472	-73.949406	1
4c3fd034d7fad13a2b2c05da	40.802210	-73.961782	1
4c408a40da3dc9280379c7b9	40.804467	-73.920577	6
4c41ed32da3dc928a5a3c9b9	40.816992	-73.942550	1
4c4212bcaf052d7f5f627e79	40.776349	-73.947029	3
4c44fae98c1f20a1363f3d99	40.679160	-73.953550	6
4c45c704f0bdd13a7266cbcc	40.750809	-73.951886	2
4c45d5368c1f20a151583e99	40.751429	-73.982461	1
4c46029537f6d13a11d76196	40.812553	-73.938626	2
4c46683bf5aee21e13861858	40.735161	-73.895461	7
4c475aef49fa9521513d5e62	40.638795	-73.945778	4
4c475d3719fde21eaf100876	40.692986	-73.963199	2
4c48289f76d72d7fe4623f4d	40.822679	-73.943694	1
4c48882e972c0f47575b2721	40.730603	-73.863112	5
4c48b21e31e41b8d89f85035	40.713839	-73.828182	1
4c4b0c14bad7a593b1c04dab	40.828489	-73.979702	1
4c4b6e585609c9b6a6d01b91	40.777315	-73.977942	9
4c4b9e07d2bf76b061ebdc84	40.754460	-73.978592	1
4c4cd0baf5afa5938b628bd6	40.673099	-73.976406	2
4c4d7659fb742d7fa8ccc32c	40.768343	-73.952064	1
4c4d8efb92b6a593d4ba776e	40.750346	-73.978522	8
4c4dd2e91b8e1b8d8bb53e26	40.755132	-74.029202	1
4c4e675b92b6a5933f58d76f	40.851459	-73.937420	1
4c4f20ce9932e21e2454e2ce	40.728196	-73.851173	2
4c5094ae375c0f47fa378d92	40.688325	-73.979998	1
4c50c01bd797e21ec9b6e77a	40.743585	-73.855464	13
4c50e160991c20a16fb6db86	40.803071	-73.964513	1
4c5188fb991c20a1620ff387	40.747604	-73.993325	3
4c5207b79d642d7f3d4f89de	40.661361	-73.959113	2
4c5284e899ecc9b6e466105b	40.701065	-73.765187	9
4c532ea472cf0f47964774d2	40.857901	-73.884198	12
4c53550d72cf0f478917abd2	40.708480	-74.003361	16
4c536bfa1b46c9b6c872e6cc	40.645276	-73.969736	1
4c53c2aaf5f3d13aec7209f9	40.733624	-73.978455	2
4c543a12728920a14f976582	40.675916	-73.923763	1
4c56e1f3b7a31b8d70ea4eda	40.707627	-74.007975	40
4c570586744a0f471802c8cb	40.715070	-73.831560	1
4c57485a744a0f47f9a5c8cb	40.877383	-73.846316	6
4c583301744a0f472da3cacb	40.757831	-73.981605	2
4c5853d2cc96c9b6abf97a2e	40.806773	-73.877434	1
4c599a2c5c57c9b68d291b4a	40.586917	-73.939401	3
4c59e3a32091a593ce085ed0	40.790954	-74.003499	14
4c5aaec5b05c1b8d98bbd8b1	40.763404	-73.974529	3
4c5af00d67ac0f4778ec074c	40.750934	-73.990461	1
4c5c3f607f661b8dedfa471c	40.830124	-73.846670	5
4c5c65886ebe2d7f92f5cf2e	40.641124	-73.904032	4
4c5cf751fff99c74408c3dd3	40.743095	-74.003606	1
4c5d99b594fd0f475fd6cb45	40.602318	-73.993405	6
4c5daaed6ebe2d7f8282d32e	40.662793	-73.943133	4
4c60033ecd522d7f031acd3f	40.764638	-73.957121	1
4c609d173986e21eb7bf944f	40.714716	-73.780359	1
4c61cd60eb82d13a90e603d6	40.790809	-73.999987	3
4c62c5c7edb29c74ada92da7	40.713166	-74.035173	10
4c631d14ec94a5930efd2aca	40.641266	-73.929582	2
4c632e20de1b2d7fc92ee470	40.790411	-73.939779	19
4c6345dc69a1c9b686e23aa4	40.753694	-74.029484	2
4c640773eb82d13a4b3d09d6	40.867490	-73.922125	1
4c6446537b241b8d2de2c3ac	40.750634	-73.981043	1
4c655f41e0c4be9a53eb8758	40.806101	-73.915657	1
4c6591979cb82d7f71328ed2	40.716613	-73.995121	1
4c659d3c7abde21e1b366168	40.690231	-73.986811	2
4c6706069cedd13a057177a1	40.734276	-73.869934	1
4c69af4f3bad2d7f8084b0ee	40.674643	-73.968600	1
4c6b22cf0440b713957d59ce	40.717404	-73.919449	2
4c6bd3bfa48420a1a2c40a0b	40.750618	-73.983195	1
4c6d2f996af58cfa06ae8817	40.758664	-73.982899	1
4c6d8a2d65eda093cfec4ed0	40.715006	-73.830750	15
4c6d970bd5c3a1cd0ceec52b	40.755918	-73.990708	1
4c6e7b58d5c3a1cd1054c82b	40.713484	-74.007769	2
4c6efa4f9c6d6dcb9e24ce7a	40.724388	-73.997347	4
4c6f50b39c6d6dcb496acf7a	40.737686	-73.997715	1
4c704c209375a0931faa0637	40.695090	-73.995544	2
4c72866657b6a1435ea6c5cc	40.763925	-73.971516	24
4c7367c557b6a143132cc8cc	40.874197	-73.889257	2
4c73c14613228cfa416c2e65	40.759668	-73.944894	9
4c73fae0604a370466ad7e49	40.710329	-74.018006	1
4c7427fedb52b1f7f24575dc	40.684606	-73.730597	1
4c7428a93adda1438ed803af	40.812860	-73.954491	1
4c74429d66be6dcbc83bbd0f	40.673900	-73.872427	1
4c756ef0604a37043bad8249	40.696829	-73.987982	17
4c76ef67947ca1cdd5df4537	40.705391	-73.948498	1
4c76fff2f247370423dc64eb	40.854335	-73.866047	2
4c77fca42d3ba143425a89d0	40.765632	-73.980217	1
4c783a02bd346dcb8171f1ef	40.852890	-73.887690	14
4c7ba8c697028cfaf36ae1fe	40.713130	-74.007246	9
4c7bdb4472ccef3b0bcc6132	40.762625	-73.972632	1
4c7bfbb22dc1952170cdb877	40.747826	-73.882864	1
4c7c19bcbd346dcbff2dfdef	40.845908	-73.853803	1
4c7e6226b53db1f7ddc89f11	40.755309	-73.991873	4
4c7f1c55e4b06dcbf55a46d7	40.776519	-73.988802	5
4c7fa26bd860b60c1c5f619d	40.762989	-74.021024	7
4c803feee602b1f71034887a	40.832430	-73.859127	2
4c8523eb2f1c236aa0d05143	40.783739	-74.010064	2
4c859294d8086dcbe37c9352	40.608039	-73.818393	5
4c867c3ed4e2370422ae8b88	40.732300	-73.810181	1
4c8686b82f1c236ab7035e43	40.790514	-74.015096	3
4c87adb256e037042451b4a3	40.839853	-73.918372	1
4c87dda73d15a1cd3f081c28	40.741544	-74.001014	32
4c88030297828cfa607e98aa	40.716811	-74.005754	1
4c88db1f94f5a093a3e3d21e	40.745090	-73.993973	1
4c8a0dfa1797236a10f65d88	40.739022	-73.938052	1
4c8a54501eafb1f71a2b7935	40.679816	-73.853855	2
4c8a859d9ef0224b63aa5b7b	40.740418	-73.992877	19
4c8b17cf4fb7199cccf931a3	40.718959	-74.002788	15
4c8c468ab118b7132ef71801	40.681404	-73.998662	1
4c8d2d3acf3ea143b5dafb51	40.722838	-73.945037	2
4c8edb0e1992a1cd3176e1fb	40.667104	-73.764451	2
4c8ff6433790199c988e926b	40.838767	-73.878565	1
4c92510e51d9b1f7b2ef8746	40.758038	-73.963342	2
4c92af572bf7b60cc4da640a	40.861299	-73.922821	1
4c9358a76cfea0932a2cb98b	40.725779	-73.973542	1
4c93e39d533aa093961fba45	40.753148	-73.979379	3
4c947f2672dd224b3e9f9a91	40.767595	-74.040693	1
4c952ca038dd8cfab44cd062	40.712344	-73.951346	1
4c969864533aa0932d32d345	40.770590	-73.893363	1
4c977b206b35a1439a6136dc	40.795372	-73.947919	1
4c97f5eb671db60c8b8bb5f6	40.820954	-73.935583	9
4c97fb08b6ee236ac08ea4a7	40.640100	-73.974173	2
4c9a13f1eaa5a14351f7c8e4	40.800177	-73.911075	1
4c9a55fe9c663704d0cb57fd	40.706994	-73.800025	1
4c9a92aed4b1b1f74f77d135	40.830460	-73.825818	3
4c9b95c3292a6dcbd9f6d876	40.702392	-73.815253	6
4c9cc14054c8a1cdaaff7c4b	40.755764	-73.979206	1
4c9d74722fb1a143e411e140	40.761510	-73.986843	3
4ca09b8e54c8a1cd5ddca04b	40.745472	-73.981450	4
4ca4977ea73cb60c755e2278	40.818356	-73.836533	1
4ca53c4e44a8224b585cf83f	40.720021	-74.010712	3
4ca5e8a37334236a47551a58	40.721529	-73.845235	3
4ca638a514c33704e983bd3b	40.775134	-73.990191	2
4ca71f3644a8224bfec40940	40.587581	-73.805671	1
4ca7b79014c337041a9ccc3b	40.849578	-73.936886	2
4ca7cc08f47ea143b2936e21	40.824933	-73.820531	6
4ca8c20f76d3a0931716196b	40.724375	-73.987712	1
4ca8d63fb7106dcbceb176a5	40.757191	-73.872297	1
4cad052f14c337041b5cf53b	40.675592	-73.970253	1
4cae7d8439458cfafc44f39f	40.769647	-73.958521	1
4cafa59f1463a143304696a9	40.807444	-73.910386	1
4cb0dfdb1168a09384b02e23	40.735937	-73.993772	1
4cb2b73e1168a093f0203d23	40.729869	-74.008176	1
4cb4a0f71168a0930d384a23	40.689077	-73.917350	15
4cb5bbfe64998cfa04f60fa2	40.832957	-73.919067	2
4cb638c99c7ba35de6379006	40.700855	-73.899799	2
4cb6e4fe3ac93704acfbd60a	40.749733	-73.937965	3
4cb85d3dbac937049c0ddc7c	40.725707	-74.004888	1
4cb875e843ec6dcb33ae9531	40.749937	-73.982782	1
4cb931149552b60cd02ad28b	40.700726	-73.909600	1
4cba53af90c9a1436e008ed6	40.698608	-73.949440	1
4cba87d6035d236af625db4e	40.710910	-73.956059	1
4cbc9a8c4c60a093766052ca	40.826669	-73.860970	1
4cbcc5a2a33bb1f78c929bfd	40.650487	-73.958487	1
4cbdee4b7148f04d39d2efab	40.735818	-73.955193	1
4cbe34ab97bc721e29577e67	40.761494	-73.966385	2
4cc082ff020d46888ed06838	40.748084	-73.985703	3
4cc093b5985aa35dc6c34d12	40.735708	-73.922999	1
4cc188a821a4f04da97c6455	40.774441	-73.959164	1
4cc1a14d668db60ccdf414b4	40.652524	-73.899954	1
4cc1a8e521a4f04da5656555	40.739902	-73.974035	7
4cc1d2763ed5199c0793481e	40.745048	-73.859397	3
4cc1dddf306e224b10968c6c	40.709143	-73.774695	1
4cc2e7aa1e596dcb6630c667	40.697200	-73.982943	4
4cc34e0282388cfad50c6735	40.764356	-73.922534	1
4cc4441ec844721e0128e801	40.870585	-73.917035	5
4cc70ee21e596dcbad6de267	40.659808	-73.802483	9
4cc846f03477b60c61dc7a6a	40.848628	-74.013191	1
4cc8771d7151721e7c306137	40.731524	-73.944602	1
4cc9c72fb3f5224be7e6f620	40.687994	-73.982420	28
4cca91747965b60cb14e868a	40.781419	-73.956581	3
4ccba1a9063a721efa3d899a	40.585452	-73.821841	1
4ccc198aee23a14333141ca8	40.692527	-73.985439	2
4ccc4e5f566aa093bca420fd	40.694626	-73.955376	1
4ccc6c8daa25a35df1d5140f	40.872850	-73.918479	1
4ccdc80097d0224bd04568b8	40.586651	-73.808693	1
4ccee1aaaa25a35db526230f	40.847955	-73.935038	3
4ccee3b5ee23a14308c12ea8	40.753141	-73.972535	2
4cd021037561236a3d642af3	40.876694	-73.918998	1
4cd145fb3e63721e7995a2cc	40.747076	-73.990065	1
4cd386202561a35d190332dd	40.693859	-73.905862	3
4cd584ca94848cfaa8dde6b1	40.834158	-73.883584	19
4cd80c9b145fa1cd726b04bd	40.752537	-73.966407	60
4cd84f7815d8b60cd260650e	40.739844	-73.946846	2
4cdacaf8cea2224b7db4814c	40.769883	-73.990673	1
4cdc6a28d5495481467541b2	40.622754	-73.984768	1
4cdd6c46c409b60cec50e01a	40.750430	-73.968738	3
4cdd9dfe7e2e236af5007a1b	40.852523	-73.839101	2
4cde8531ffcf3704970c1382	40.746819	-73.986065	2
4ce158ae0de52c0f16a1a10c	40.704684	-74.013262	1
4ce186e4f8a4a143ad28ebbc	40.706556	-74.012651	1
4ce1960bdf986ea83d60ed16	40.798817	-73.969507	2
4ce19f4394c3b60c29a577ea	40.674109	-73.960708	1
4ce2a056ffcf3704bed62c82	40.693438	-73.986002	22
4ce2fbd3c42f5481a4953bb7	40.744082	-73.912763	2
4ce335052c20f04ddeaaf122	40.704196	-73.987298	5
4ce3e01f2407a1cd496c50d0	40.766849	-73.981984	1
4ce41a5122bef04d424fd7f8	40.881527	-73.877245	1
4ce464a4c850721efcf2c28a	40.720142	-73.992372	1
4ce489c7d678a1cd6badaa0c	40.722532	-74.002902	2
4ce492a0c850721ef828c48a	40.720916	-73.985755	1
4ce652e9e1eeb60c960b96ae	40.743883	-73.884526	4
4ce6f0dcf3bda14367eaaee4	40.813136	-74.001961	31
4ce6f877fe90a35d3c4e390e	40.837908	-73.944515	32
4ce714fee888f04d3dee396b	40.757620	-73.915456	2
4ce803d48ef78cfa5d64979b	40.844019	-73.981244	1
4ce9eed6baa6a1cdb69b366c	40.745829	-73.956237	9
4cea0bd8b99754817d810545	40.867854	-73.893586	8
4cea7e48f1c6236a10fd6af0	40.843614	-73.839589	8
4ceb51c1baa6a1cd8ae83d6c	40.848255	-73.939545	1
4ceea3123b03f04d83f53adc	40.693608	-73.951903	1
4cef1473f368b1f7f8c883f7	40.706156	-73.945508	1
4cf2f9bfcc61a35d23e91d9e	40.884512	-73.912132	16
4cf411b27bf3b60c334b6e7f	40.706553	-74.011034	4
4cf438747e0da1cddeffa097	40.727722	-73.944510	10
4cf598fe64e3721e24991cc8	40.708722	-73.747019	18
4cf69f7066585481246eca98	40.764703	-73.974955	8
4cf7da04c020b60cbaa92775	40.751376	-74.006518	1
4cf9cd337f2db1f7b9cb23d4	40.676238	-73.959394	1
4cfa5333c671721e3ca6bc18	40.859416	-73.927144	9
4cfab2c3084f548107cd7c09	40.754485	-73.909031	8
4cfefa18c00a5941688a8f87	40.769399	-73.985600	10
4d0117971ebe6dcb65498b91	40.712159	-73.964967	1
4d03fb22347da1cd7ced288f	40.792704	-73.945929	1
4d056fc57d9ba35d1c446b23	40.760184	-73.969324	10
4d06298754d0236a3fdff7d5	40.740464	-73.992871	42
4d0775d854d0236acb4cfed5	40.788845	-73.969771	1
4d0cd5e98010548138f41a96	40.759638	-73.830663	1
4d1cfc6d6e8c37044605d89f	40.704196	-74.012661	1
4d1e0b68f7a9a143924b169f	40.756208	-73.976520	1
4d1f974e0901721e07d28ba5	40.658759	-73.801375	1
4d23c8e075526dcb204b04a9	40.661428	-73.784272	19
4d24b2012ac6f04d945c3745	40.750480	-73.878181	2
4d24b62ffdfb236aaa4c7b67	40.709831	-73.795228	1
4d24baa314f2b1f7b8e570be	40.726774	-73.931375	3
4d25364619ff3704fb120c70	40.714904	-74.035259	25
4d26b63b888af04d25d9b5af	40.739602	-74.006162	3
4d274a018292236a4c4f0ebb	40.762818	-73.980779	1
4d276bfff7a9224bb23aeb9f	40.739878	-74.011045	1
4d2b7ba8b818a35d433db08a	40.854453	-73.864336	4
4d2cf855ae3a8cfae318c170	40.661424	-73.915634	9
4d384e769784a0931000dfe8	40.714243	-74.006438	22
4d4229bab0c35481ad68ddf1	40.779664	-73.954983	1
4d43416d3be6a09354269836	40.796781	-73.964045	1
4d448161bf61a1cd9a9c09ac	40.759637	-73.999316	1
4d4ae5749526b60c61ee86ee	40.755520	-73.970419	1
4d4e52814a38b60cefe9e866	40.718113	-73.963414	7
4d5006459d4937044e0ebd39	40.593054	-73.947568	5
4d5093433626a09393fb1bbd	40.760517	-73.996205	2
4d51ef15bfc260fc7f0bc726	40.835307	-73.932238	4
4d52d6f0d7eaa1431d4d830f	40.750785	-73.971539	1
4d530ee278d3a1cd5b326f3a	40.750499	-74.003557	1
4d556022a05c3704b1e9b787	40.653893	-73.890291	2
4d588c111901224b28628ca6	40.757459	-73.969093	1
4d58ba394d9a721e538a390e	40.805066	-73.954520	4
4d58ba5124466ea8f0dd6f9f	40.711417	-73.992163	5
4d59686ac88da1cd9ce83968	40.728632	-74.010035	2
4d59a8c0d0332c0fbc8f6ada	40.770345	-73.981014	2
4d5b2e97c30bf04d7e3a8a32	40.754951	-73.984515	1
4d5c8eb7ddac721e146e6ffe	40.711183	-74.006867	6
4d5cbe1a1ef2f04d214df8cd	40.686562	-73.962889	6
4d5f99e5149637040fa4d994	40.739034	-73.993285	1
4d630db8d85da35db4838ad4	40.824258	-73.899971	2
4d65d5ae7a6fa1434b996b98	40.777525	-73.956788	21
4d667eeee07aa35dcb81a98f	40.754211	-73.992257	1
4d67ceeaf23f3704d3accc33	40.751263	-73.973312	2
4d69572230a7236af94f74ac	40.826274	-73.915699	1
4d699f6cb1f060fcc95ed5e2	40.746357	-73.986604	7
4d6dca43fbb8a1cde7006b0f	40.653046	-73.973021	28
4d70fe2543013704db9dfdb8	40.705285	-73.948090	1
4d71292569356ea83bb35cd9	40.706720	-74.011671	2
4d722c4f5f0037042064dba0	40.671600	-73.880527	10
4d778483bc888cfa6cf4ea73	40.706373	-73.928034	1
4d77cd419054a0909a323c23	40.790292	-73.979029	5
4d780eba9ee9a35dbf68bcf8	40.759296	-73.974529	5
4d7910cf930ef04d7aa2c04f	40.754750	-73.986067	1
4d7ac751d52d224b2ae45c8e	40.711931	-73.787421	10
4d7afaf6364b88bf8b458ad8	40.732092	-73.994782	18
4d7b06c90be2721ec144a096	40.829889	-73.934986	1
4d7c145a86cfa14318a4c2a0	40.795619	-73.973857	1
4d7e1ba64219a1cd0a7d5cd3	40.602120	-73.942195	1
4d7eef0187003704842b7b99	40.732011	-73.851024	2
4d7f73cc95c1a14314d0e4f2	40.754796	-73.971774	1
4d800104dbc5f04d163cf0b6	40.713832	-73.834868	1
4d82338a6282721e57b7ed4d	40.749692	-73.975769	1
4d826912744ca1433adf6c54	40.778594	-73.951214	1
4d8358b77e8ef04dd912f4bd	40.755962	-73.979158	3
4d83e591e83fa143e18157a1	40.765753	-73.982501	1
4d84b4e99324236adcbabe0e	40.731647	-73.974454	3
4d852c3902eb5481e5c93ef5	40.676685	-73.733710	2
4d8612dc8de9721eb8fa5251	40.634867	-73.937271	1
4d89f4ba7139b1f768cfbfd4	40.650994	-73.910719	1
4d8b385926a36ea8f3f903ae	40.792298	-73.950720	1
4d8b49b3bc848cfa10aaec2b	40.702562	-74.012532	1
4d8bc12f37c6a1439843b10c	40.581078	-73.970075	4
4d8ca2e41d06b1f710531d3b	40.832569	-73.859937	7
4d8cca96d265236a58f0e216	40.740066	-73.993416	2
4d8e23c8788c5481d5ad31fd	40.792465	-73.973473	1
4d8ea5a8cb9b224bd5338a41	40.759530	-74.000030	1
4d8fbf7dc1b1721e73c04d46	40.705110	-74.010706	1
4d92a9d762ad5481f171714b	40.802502	-73.962711	13
4d9396c9eccda143e6090e55	40.799211	-73.944819	1
4d9523949079b1f73280db09	40.747974	-74.000297	1
4d96245697d06ea87900fc0a	40.760672	-73.974362	1
4d968f3d744f37048c4cbe57	40.762595	-73.959072	1
4d974d78daec224b0d682c3e	40.708401	-74.008010	14
4d97c0279079b1f72bee1b0a	40.768018	-73.926191	2
4d9810b50caaa1430b22a4b3	40.585812	-73.812030	31
4d994479d1bca0905a2972b4	40.739692	-73.981426	6
4d99c777a2c65481c40d0f54	40.776138	-73.988739	1
4d99cec261a3a1cd423eec42	40.747731	-73.882878	1
4d9a2f78d97ba1430b43336b	40.752307	-73.971854	53
4d9b34993f785481d8badad1	40.833948	-73.860626	9
4d9cb2cdc540236ae4d57e4b	40.758837	-73.985164	3
4d9dbe64c97a236aec12c499	40.761427	-73.978064	2
4da129cc7ccc816ebd954d7b	40.823883	-73.877790	1
4da43e890f578cfaece3c918	40.586090	-73.939228	2
4da5a74ff7b16ce044a812f5	40.753806	-73.978598	37
4da5eb2f0437667c9b370512	40.760246	-73.980739	1
4da6bd245da37feee88e9904	40.866227	-73.917308	1
4da742cc4df0260c3ea436f9	40.690892	-73.956560	7
4da8800143a12d0c26532ae7	40.768057	-73.981921	58
4da9a06b4b22f071eaa30900	40.832179	-73.948947	1
4da9c4b893a04642f06eb286	40.746385	-73.983534	1
4dab2be043a112819709863d	40.814139	-73.913435	3
4dac61248154abafc2d627d3	40.749211	-73.991052	3
4daec14f1e7207bbeb163d71	40.690100	-73.986535	1
4db1c3ab4b22ba776d8a8b78	40.727252	-74.005973	1
4db5e24b93a017099df54ce7	40.755280	-73.979482	1
4db6bfae1e7248d135cea39c	40.801113	-73.913469	1
4db8060a6a238ed5d8eab14a	40.705192	-74.015292	1
4db822014b22f2ddb634dde5	40.726283	-73.996716	17
4dbebe374b222080d3c6fa8c	40.692837	-73.984131	4
4dbebf325da3ff58ec80f9cf	40.736738	-73.988590	2
4dc12c697d8bf48713bba573	40.791345	-73.774477	1
4dc3f86a81301db330db2298	40.766518	-73.979338	12
4dc40610887717c87ffe5dbf	40.760796	-73.979976	16
4dc408377d8b14fb4605e22f	40.738174	-73.988064	1
4dc7e715b0fb5556cd2ad992	40.773034	-73.830956	1
4dc93145ae60385d111621e9	40.740087	-73.949538	3
4dc93ef8814d10546bd5ce37	40.693450	-73.984974	5
4dcd385522718eed7a18bcf5	40.850902	-73.912422	1
4dcdcea0d4c065592f6f8f45	40.756558	-73.978294	3
4dd2b8cf52b15d0acc850081	40.833325	-73.941272	2
4dd4039bc65b69f93638ee56	40.752752	-73.973588	22
4dd421bb1f6ec4e0bb72eb83	40.754934	-73.978127	3
4dd515d922716ea3ce6bf315	40.816031	-73.918269	1
4ddc04a2fa766a6d79330d09	40.621367	-73.955907	1
4ddc8d5352b177ff2e7016b5	40.604526	-73.992640	2
4ddd17e422713339cd245ed5	40.779030	-74.016502	1
4ddec56752b155583e09dca2	40.854503	-73.993141	1
4ddfa125227140b90504ff2e	40.841908	-73.915359	1
4de2b208d22d2a4ecdcc9874	40.865633	-73.893219	1
4de4d34652b1d38d29a588fd	40.856444	-73.859443	1
4de62c00d4c09fc98b77f0cd	40.758099	-73.985045	13
4deb980222713dd973b1094c	40.725865	-73.851960	5
4def02a4887754a6af894d10	40.869427	-73.914353	1
4def732fc65bf3f03e95ff6a	40.720552	-73.998753	34
4defcc627d8bb02cbf03513a	40.733305	-73.982937	4
4df212adc65bf55ee525ce08	40.742697	-73.984418	25
4df3e9fdaeb7170aa2f2e101	40.864632	-73.888941	1
4df8d17d2271607ac919144a	40.735196	-73.988802	1
4df929b252b1a82364e2c9e9	40.655404	-73.960547	1
4df9b42045dd2b6764bc9508	40.840715	-73.857494	2
4dfa9a06fa7641d78dd58244	40.679627	-73.934016	1
4dfd27118877e9c4749572a2	40.779496	-73.947451	1
4dff3053e4cdf7246077a23d	40.761788	-73.984165	1
4e00ed3f18a8abfb3f6bf4a6	40.768957	-73.980372	1
4e0391441f6edc160235c57f	40.825217	-73.843190	1
4e04be5481dc9d212d10777d	40.750963	-73.987384	7
4e090600b61c60b0454e77ab	40.789140	-74.002066	1
4e0965e0483b98d4171cd17d	40.858760	-73.930669	1
4e09d99caeb74c3991201241	40.817377	-73.906987	1
4e0a26747d8b2a01806d5ada	40.748012	-73.992424	4
4e0c95bbd1646f15178790d7	40.703299	-74.009232	6
4e0dcdbfaeb7a5b33ee30632	40.723476	-73.956445	1
4e0de174fa76d62f4442b8d6	40.705080	-74.013932	5
4e0dec5f7d8bb178a8a369b3	40.763623	-73.973421	16
4e1297ac7d8b4d5613e5359c	40.839649	-73.843431	1
4e13321c8877ac23b6704326	40.827298	-73.922121	1
4e15d0ea091a211206313146	40.757871	-73.991375	1
4e174a4dc65b6bfb5903383b	40.860893	-73.897692	1
4e1b2d7345ddf3d24373bb1d	40.726179	-74.035231	8
4e1f3de745dd3be9c47bbebb	40.754424	-73.992016	2
4e2075c788774a43b75f6ad6	40.852982	-73.837653	1
4e20771752b1f82ffb943dea	40.793449	-73.949731	3
4e20e008d16474063200fa2c	40.682703	-73.950175	4
4e2101e0628469a57411e344	40.704942	-74.007470	2
4e2117e515207ed86eb5953f	40.789177	-74.002064	4
4e244a8318a88345f068f087	40.755844	-73.990293	1
4e246fd362e1964dbb84d437	40.832351	-73.865542	1
4e24c4bd45dd9c2217dfca24	40.706511	-73.767904	1
4e25c2ae52b17b2b5dd19f9e	40.756668	-73.989698	3
4e26d9de2271e4f3075b76d5	40.763079	-73.965110	1
4e28061445ddfe8f9ded3a59	40.745067	-73.971722	1
4e2b1b53b61cd010837148ee	40.844224	-73.861533	1
4e2c483cfa76bbf847e1ce8d	40.630521	-73.946283	2
4e2dbb69227197a112f0fc25	40.761323	-73.982438	9
4e2eb7a91495329632fc9dcd	40.762400	-73.986501	1
4e2f22b4fa7614797de05895	40.750638	-73.945091	1
4e33a32c1838df3b5f70dbbb	40.754057	-73.906320	3
4e33f49ad4c0c0830951402f	40.676352	-73.752759	1
4e341065d22d3229f5a61a0c	40.750436	-73.977892	2
4e36c737e4cd9aba7cd203fe	40.760481	-74.021810	1
4e36d99c8877beb5e9ba0df4	40.763872	-73.976824	1
4e3985debd418bd4ba44d066	40.701112	-73.990759	10
4e3accda483b3f951fcac09f	40.757449	-73.987465	1
4e4092fda8099680852d07eb	40.749897	-73.989801	1
4e4182da18389e02146ea11b	40.757558	-73.966901	1
4e425945b61ca5ba3b248871	40.656332	-73.780682	2
4e4297e6d22d38bfd464bdf5	40.709383	-73.939871	1
4e42d8b7e4cd8db81d898c40	40.748037	-73.984182	1
4e43bcb5fa76eeb2daba3147	40.857919	-73.900791	1
4e43f47db0fb71d2197b992c	40.713057	-74.015073	9
4e4417671838e44e898830d1	40.872043	-73.911885	1
4e457e2ea809fb2fa3de1481	40.747688	-73.982770	3
4e472007b0fb93df2713f25e	40.770719	-73.932962	1
4e498d0ca80997a2dbe7b0f8	40.751659	-73.978013	1
4e4a77cad164a7c8b6a63dfb	40.751409	-73.990535	1
4e4a7df8922e15493debeda2	40.690938	-73.996675	1
4e4ab62b483b16676e424733	40.806909	-73.919110	1
4e4bb1037d8b6016b18b2d6b	40.791157	-73.941846	6
4e4c495652b1075a63895b8e	40.742038	-73.990214	16
4e4d0e331f6e4ff50fdc7c28	40.751229	-73.983742	2
4e4e71e4c65bb313ba7712a3	40.692983	-73.990380	6
4e4eea0e18383eb2af1a303b	40.733160	-73.763150	1
4e4fa5aab61cf637a4f77e06	40.822700	-73.936352	3
4e512461b61cf637a50c2fe0	40.638857	-73.902515	4
4e518912e4cdc76dc9ceccce	40.840016	-73.928723	1
4e538e2d22711d4da5bccef1	40.728783	-74.007172	15
4e53b084d22d7b9b656fd759	40.688679	-73.984809	7
4e57b3dc887710a84819a0be	40.746841	-73.992154	1
4e599dd9b993732579ec9b03	40.734070	-73.999591	1
4e5adb68fa76d2b00c20c996	40.697525	-73.983327	2
4e5e97ba14954da39ff25146	40.772120	-73.960970	1
4e5eacadb61c4bf3800581fc	40.751913	-73.982271	3
4e5f803d483bb10d81f8b9ec	40.764157	-73.979115	1
4e608f0b52b1260c124a9fbf	40.776271	-74.019440	3
4e610bd68877954de7961787	40.843526	-73.871273	2
4e616380483bd9a973df84a0	40.846748	-73.920657	1
4e616d797d8b854089380e18	40.811105	-73.905694	1
4e62933c8877954de8447773	40.856147	-73.844298	2
4e640c05d4c06542aba70810	40.787660	-73.943436	1
4e665b5bc65b2dc8a1477cf4	40.741199	-73.995327	1
4e66b7c0b61cf40ed6581af7	40.761052	-73.988865	2
4e6799c7b9939a72b317decd	40.751180	-73.983413	41
4e679e40b0fbcbb0443080be	40.772202	-73.984395	1
4e68bc60c65be3a56510f65b	40.704068	-74.013639	1
4e6a2fccb0fb8b8a841473d3	40.689157	-73.986105	2
4e6a5601b993d5439f3325e6	40.777620	-73.957993	1
4e6a76fbb61cc3728d9b409b	40.756582	-73.978237	8
4e6b7ca545ddadf2d0ed426e	40.733255	-73.992131	1
4e6eaa5ad1647b1137a3351b	40.767257	-73.952494	1
4e6fbfaee4cd123ad27e2fe5	40.707802	-74.004590	23
4e7013c9d22d2dfc3182cb45	40.765375	-73.979981	1
4e734c5952b145ffbf7e2b84	40.775016	-73.944802	1
4e762fccb61c22c63882a38e	40.642198	-73.774322	1
4e78ad60c65b8073f594bf1c	40.740704	-73.949837	1
4e7a59e0aeb7d0a5fd645e92	40.682108	-73.792844	2
4e7b4214483b73b2d1256902	40.707802	-74.004412	1
4e7b6fc28231103c4efba198	40.647892	-73.956994	1
4e7d0cea2c5bb75fa99cf632	40.867515	-73.924286	1
4e7e4816b634ea07f01c1a89	40.747322	-73.906838	3
4e811a77b6342a33bc341f66	40.780074	-73.955737	3
4e8363e0e5fa5681e8c01b29	40.656735	-73.795308	16
4e83a9850cd6b5274486d39e	40.754409	-74.002908	2
4e852e310aafbbc889d2d08d	40.743099	-73.733544	2
4e8acea6d3e3304c8b27dc85	40.655992	-73.820164	1
4e8b959ad22db1c42af44585	40.760851	-73.978013	1
4e8ca9159adf4a7ef32b4935	40.753726	-73.911902	4
4e8daa0cb63445c4a53ad52e	40.675928	-73.987482	2
4e8dffe129c2c0d8cd024ee5	40.745817	-73.992100	1
4e9c7cfc02d5df1b510af723	40.753426	-73.980641	1
4e9c9c159adf277db88863dd	40.653253	-74.009502	2
4e9cbd1282310f9e5f3f4a61	40.736752	-74.009499	2
4e9d832e77c815a0f5ca25f3	40.752896	-74.006500	12
4e9dcdb8f7905e04cdfeca40	40.740829	-73.976704	2
4e9ef6977ee511e1b7dca338	40.875285	-73.858742	3
4e9f001c29c244b4ef552902	40.782877	-73.836608	1
4e9f193b61afec1908104a19	40.850229	-74.012457	1
4ea067eab8f7cf6042549a26	40.750704	-73.976493	1
4ea320c28231f6dc6a550c15	40.794904	-73.971748	1
4ea458b1e5facb29c80f8995	40.753136	-73.991700	1
4ea459539911214fd19d4359	40.752929	-73.991603	1
4ea6bb985c5c6cec791a439d	40.854246	-73.965908	8
4ea6cd606c255b8d9db82605	40.772884	-73.951744	1
4ea759fabe7b572daa90d517	40.652561	-73.757453	1
4ea8039277c8129d55b5183e	40.757568	-73.977634	2
4ea94ee5b8f7d2a521d089db	40.760499	-73.971507	1
4eaa4a680aafb00bd87adb4e	40.657055	-74.007683	1
4eac6f3dcc21b06a5732194f	40.797535	-73.948436	1
4eac89542c5bb67b234351e0	40.726095	-73.994817	4
4eceb4e26da162f1bc8a10f5	40.539204	-74.145554	2
4fd5fb09e4b02bbdc6a10b71	40.636315	-74.076095	2
50003146e4b088740041298b	40.581871	-74.212811	2
510d0de3e4b0ce64fe9bbe3a	40.550447	-74.116710	2
51893b2e498e0012e77b4a37	40.610395	-74.115528	1
4eaec703d3e32ee0dee6b867	40.685756	-73.916793	1
4eb01d21b8f7116f20f5ed7d	40.764087	-74.024444	4
4eb180e149013eafe67effa5	40.743799	-73.985927	1
4eb2b69a0aaf68b1eb71d457	40.739388	-73.958774	1
4eb2b796dab472d4de8bc5ba	40.575717	-73.979849	1
4eb6a47d823131626fc10411	40.849565	-73.942632	25
4eb7234e0039f4f9edb7e9bb	40.736803	-73.981955	1
4eba0fbee300cf4cac1db64d	40.717212	-74.005020	1
4eba914eb634fa2e63034855	40.868552	-73.922385	53
4ebb987b9a52d00624f1b07e	40.860629	-73.830778	1
4ebbf4dd02d5a3de79661f51	40.771375	-73.979516	2
4ec3e0ba8231d4c9fee2d43a	40.742167	-73.985365	1
4ec56f6d9adf10675268f0bb	40.813540	-73.949980	1
4ec6dca29adf9c7bf24c55ff	40.782666	-73.953636	1
4ec7c052e3007199155f86a3	40.716044	-73.987012	1
4ec8120f2c5b532d076318d6	40.641791	-73.933482	1
4ecbe7090e011bec7ad90afc	40.758799	-73.979442	32
4ecfc730722e01c5818fbedf	40.590953	-73.967515	1
4ed221a5e3007feb7f8e43b3	40.779382	-73.987362	3
4ed2df32775bbb5f35dc47e1	40.857307	-73.904214	3
4ed3b3199a52262b8695a4ff	40.757703	-73.976113	1
4ed4839e0aafb91626a86f9b	40.695219	-73.925602	3
4ed6692e77c88f53d7959ec8	40.733278	-73.991851	2
4eda67a2b8f7fcd04048d96c	40.712751	-73.937368	1
4ede4768be7be2833c414ab5	40.706460	-74.012428	28
4ee11a0ba17c5707ecaf8a3e	40.671720	-73.897090	1
4ee224479911340c36a6b459	40.657331	-73.766905	1
4ee58a1ee5faffd732b1c8bd	40.827109	-73.986972	1
4ee6282e6c25be9632015bc2	40.800221	-74.024794	4
4ee796fc9adf259048d68c8d	40.692585	-73.927225	1
4ee8e88e9a52792fdd0fbb18	40.786451	-73.952483	1
4eed289c7ee5f453879c55f7	40.594261	-73.753052	1
4eee6df329c28028dff258dc	40.864109	-73.926725	1
4ef0bc35a17c45b9f803a569	40.758375	-73.985388	2
4ef9260a77c8e88f493a0627	40.819326	-73.845838	1
4efd3d1cb6346feaea5e8749	40.835957	-73.938407	44
4effcff993adc82458c280d4	40.788017	-73.941077	1
4f042618d3e35fb2b73f11bc	40.669744	-73.996332	3
4f074f32e4b0d64229ac14f2	40.677290	-73.985152	1
4f086e0fe4b0ad9c252d94ea	40.780574	-73.839583	1
4f0c727ce4b0f72c81780acb	40.675290	-73.904053	7
4f0e245ee4b035449836620d	40.675038	-73.875734	1
4f103ebde4b0456265cefdfc	40.765582	-74.022355	1
4f104b5c771604094314b0cc	40.752638	-73.989422	1
4f159735e4b0958ec556ed98	40.661281	-73.753626	3
4f16d405e4b06784161ebbf0	40.685357	-73.976343	1
4f176d5be4b0aa560834fd3c	40.766425	-73.890951	2
4f176e24e4b08f0db28f7668	40.682904	-73.949768	1
4f186ae3e4b01bd097d27f19	40.739873	-73.991610	1
4f1ce509e4b0e2eeecd8bcda	40.790914	-73.806085	1
4f1d7a2ae4b0b4fdeb5c8e62	40.769550	-73.962177	9
4f1dd3dbe4b0aa509747a3e4	40.742340	-73.990082	7
4f1f1690e4b00eb69d0422bb	40.825904	-73.843138	1
4f2387d5e4b05d3ba066bab3	40.792740	-73.948310	1
4f246ea7e4b0d609c68ffb11	40.766296	-73.963354	2
4f27222ae4b0b653a63c975e	40.712381	-73.993055	3
4f27e1b9e4b0fa5ce55baf73	40.586555	-73.975809	1
4f285f38e4b0c67a1901e481	40.764806	-73.990662	1
4f35218ae4b03ada5a19c5e0	40.743417	-73.957413	1
4f3642f0e4b0d3ab5032bc42	40.576826	-74.012342	1
4f3a6e35e4b09289890df9f6	40.759206	-73.973708	3
4f3ba19ce4b0ccd5ee270007	40.842765	-73.915593	1
4f3bc370e4b08230476d4705	40.751284	-73.983953	2
4f426445e4b080aa7a423daf	40.744661	-73.977708	1
4f428618e4b005b536e92d27	40.749014	-73.993600	1
4f42be54e4b01939648fd0b1	40.782895	-73.958062	1
4f4306ffe4b06bcb6c4f05ee	40.769619	-73.967928	2
4f4767e3e4b06a7740bdc8dd	40.808700	-73.958515	1
4f48edf1e4b03377e7aac53e	40.685146	-73.967676	1
4f4bebde6d86aa3c0bb0e7ce	40.746542	-73.972964	1
4f4c31cce4b0774b55079545	40.705143	-74.011539	5
4f4edc43e4b0e524809d081a	40.861465	-73.903008	1
4f4f7c73e4b0244794d6b84f	40.780672	-73.906528	1
4f4f8d10e4b04078853b1686	40.752143	-73.989606	7
4f4f9c6de4b0b0c45e26efe0	40.745560	-73.994111	1
4f502c4ae4b0c5e187cc7d71	40.667358	-73.935760	2
4f50d377e4b062d9da49c88d	40.702518	-74.012893	1
4f529380e4b0b5d9de054748	40.692186	-73.951851	7
4f54b3afe4b002a744b99060	40.808592	-73.924010	2
4f5618e9e4b00e891e2999e2	40.734194	-73.990965	1
4f564182e4b00e891e52ff68	40.711298	-74.006621	1
4f5666e3e4b07e2328a11ec0	40.723433	-74.006363	7
4f5f429de4b0569e0528f655	40.716054	-73.837211	1
4f5f496ce4b04ddc395b2f7e	40.757846	-73.975338	2
4f5fce32e4b0f4b0a2c0cfd7	40.741650	-73.997847	1
4f607fd5e4b04905880ef722	40.708047	-73.990266	2
4f633bbfe4b0272f2ad97545	40.650469	-73.837958	1
4f649b7be4b0bca4625b3071	40.757472	-73.827550	2
4f64a572e4b08383b1c1511f	40.784789	-73.846711	2
4f65057de4b08383b22de9c4	40.749072	-73.988200	2
4f6735cae4b0eae10cc9502e	40.748526	-74.003425	1
4f6755cee4b0e78c03299a45	40.579313	-73.959422	1
4f6b2a25e4b0803c8aaeab4c	40.675898	-73.923734	19
4f6b3cdae4b082bd4b5ba032	40.778900	-73.981020	1
4f6c8aaae4b0725b604334ac	40.705421	-74.007246	2
4f6c9622e4b0a235d5d04511	40.693886	-73.987258	1
4f6de680e4b03b3f39be9b62	40.706655	-74.011780	1
4f7064ffe4b0e0075d2b4222	40.754187	-73.988596	21
4f7379d7e4b0a4b28a89cf95	40.749942	-74.005381	1
4f74ad03e4b0fd52617d9b26	40.728293	-74.005508	5
4f75e5f8e4b0f62bd3c298c1	40.845431	-73.941375	6
4f799321e4b0eedfe7f76e13	40.829953	-73.853194	9
4f79a7dfe4b06bb7805fa39f	40.762807	-73.977875	3
4f7a7e19e4b0c69aa3aa0bbb	40.592438	-73.787030	2
4f7c99a9e4b0de4ca21ab9b4	40.767927	-73.981514	1
4f7c9f3ce4b086fa1f36cd5f	40.742560	-74.006582	1
4f7dd50fe4b02b9fc84b976e	40.754162	-73.999884	4
4f7de1fce4b02b9fc85979a2	40.756750	-73.987861	1
4f7ecda5e4b08f16e080ef9e	40.702560	-73.831360	1
4f7f11bee4b00dcb6a1b2e01	40.737090	-73.980871	1
4f7fb6c0e4b01e69d649ef29	40.841244	-73.887437	1
4f8019b0e4b0e160b8e80e6b	40.823865	-73.944171	61
4f80abd1e4b0c7b8555e1994	40.761814	-73.958314	6
4f859abfe4b0e90cd49a32b0	40.726741	-74.007746	18
4f85d0c6e4b08d40383657d6	40.737479	-73.987907	1
4f86dfb8e4b079949ffaf84a	40.718861	-74.007256	1
4f884872e4b0767179b66a97	40.830037	-73.924205	1
4f8a4a58e4b0c71a72961b5a	40.695324	-73.933609	1
4f8c0e19e4b0a95f96456d93	40.699677	-73.808859	24
4f8c2b55e4b0bae899885ada	40.766998	-73.827271	1
4f8c4471e4b04a0761379efe	40.605357	-73.952471	1
4f8ef6c7e4b018d8f6c70a0f	40.836785	-73.876362	1
4f8f3871e4b0db47033f38b7	40.748970	-73.985330	2
4f90581ae4b027bf9d4c190b	40.784131	-73.836143	46
4f908642e4b0cdbb6a6d24af	40.766750	-73.983133	4
4f90a772e4b0c93d7eb02bcf	40.740448	-74.007839	1
4f9ee94c77164e320e4bc194	40.743030	-74.007683	1
4f9fdf55e4b0ed3961ed5644	40.754767	-73.998191	27
4fa02f19e4b07d3440333a9a	40.780589	-73.972933	1
4fa6fdc8e4b0b487cf352e77	40.723326	-73.950537	4
4fa7c6c6e4b098f42cda5d80	40.739841	-73.792040	1
4fa95094e4b0f8fbf137cc7b	40.691450	-73.920181	32
4fa955d4e4b05f800c705b75	40.703236	-73.992802	1
4fa95fb3e4b02cc7406948ca	40.690612	-73.988205	1
4faa4a94e4b0bab49b58f31a	40.756817	-73.981118	1
4faa93f8e4b08f60861b3d14	40.757057	-73.981255	1
4faae2a8e4b09016f6845099	40.762432	-73.968124	1
4fad1308e4b09c3c726c2cec	40.706940	-73.775643	3
4fad13bee4b027b7361e4503	40.702905	-73.774431	1
4fad3042121d27340b3b7483	40.777422	-73.988822	1
4fad372ae4b0348adb995c83	40.789615	-73.978865	1
4faedbc3e4b097c37e75b7cb	40.832467	-74.002047	1
4faefd36e4b0fd09a961a2ae	40.716367	-73.996131	1
4fb0ee93e4b0815908afb328	40.699264	-73.775724	1
4fb10faae4b0604808bccf0f	40.761646	-73.969429	1
4fb25608e4b0f8eb2a1885f8	40.763664	-73.996303	1
4fb260f3e4b03b8c9dc15356	40.759393	-73.982524	3
4fb26fdd7716d172077f8c61	40.752166	-73.972085	1
4fb27ae9e4b0d2c83d31c62a	40.699878	-73.808268	1
4fb27bcde4b09a5434fd1f41	40.700503	-73.808565	1
4fb2b1e10cd6907ef30936a4	40.723958	-73.998177	1
4fb2b23a0cd6907ef309405c	40.768338	-73.981633	1
4fb49379e5e8818187a17e93	40.707401	-74.001353	2
4fb50471e4b08e75bf045aeb	40.707767	-74.010397	1
4fb6ce62e4b09ac92a3c760a	40.755925	-73.981118	1
4fb85147e4b0c86151ecc404	40.755467	-73.993089	1
4fbb8a0ee4b0bc5472787383	40.801865	-73.943174	2
4fbbffe5e4b083d188a3d952	40.830030	-73.906023	3
4fbf2018e5e8a4f843f880ea	40.718591	-74.033024	9
4fbf24977beb13cd7d6ff52c	40.718363	-74.034762	3
4fbf92b7e4b08821682bf100	40.720302	-74.005399	7
4fc26f8fe4b01d45bf074757	40.729272	-73.858512	21
4fc60541e4b01c7a89725d3c	40.811935	-73.940956	4
4fc62879e4b0bbe53fab631e	40.753492	-73.992492	1
4fcb9a99e4b0a6bf4ff88b02	40.808051	-73.908629	1
4fccf33de4b09949e4fa2647	40.747693	-73.982587	23
4fcd0a6de4b01f0519276e4a	40.686104	-73.943826	3
4fcd1b10e4b00d5bd5ed6e47	40.766617	-73.979229	1
4fcf6459e4b084fb7986777b	40.724651	-73.997284	1
4fcfa94ee4b0296cfc9018ef	40.703993	-73.993990	1
4fd69eaee4b0b8c715456f62	40.811038	-73.952867	4
4fda6fb2e4b0251901505bcc	40.779282	-73.953577	1
4fdf3e99e4b0d263e89a38c4	40.762089	-73.984205	4
4fdf94d2c59367dba34ea658	40.720299	-74.033664	2
4fe22febe4b0b689ab6aa970	40.740592	-73.992662	1
4fe4b688e4b08820ea490d90	40.735406	-74.003700	1
4fe9b80ee4b0f9f249f9ac00	40.741767	-73.999494	1
4fe9bcd1e4b0faf491c986e2	40.782350	-73.980452	9
4feb061be4b016e917be4aeb	40.754251	-73.984013	1
4fec61c145b05338c5ed45ca	40.698047	-73.967514	1
4ff1a933e4b0c664a79d7277	40.747452	-73.990885	9
4ffc75bc395039c3feb4da03	40.745322	-73.983350	1
50057bc1e4b0b02ea23a2200	40.821157	-74.015218	1
50070b84e4b01a0b00c0ff7a	40.756419	-73.986093	1
500a9aa5f31c9784e06d52e4	40.761285	-73.975217	1
500eb07be4b0f585cc2df07e	40.762699	-73.805585	1
50171ba4e4b07a8d5080a551	40.733190	-73.991121	2
501a884fe4b06039c3dfdae8	40.851393	-73.904341	1
501ed279e4b01a19bb680779	40.774134	-73.984969	1
501ed3fce4b0bb80f8cd7e11	40.728749	-73.959112	1
501fefabe4b0ccb6825e72d5	40.754356	-74.000639	1
5023b503e4b0dc2236668ee8	40.803822	-73.935147	1
5025012ee4b0a2e6ed8a4694	40.705809	-74.005508	2
502c1229e4b0d60ec7d75737	40.754769	-73.977410	2
502d4a5be4b0451509bedb9a	40.746900	-73.992613	3
50338d7ae4b063168b715585	40.765741	-73.914508	5
5033a627e4b06d7f09fafc81	40.576455	-73.967418	1
50362862e4b082673058dab6	40.750970	-73.970827	16
50379823e4b0b4924bcacd04	40.692808	-73.989690	1
503b7ad6e4b0b44f2970b70b	40.737281	-73.997020	1
503e88d3e4b036a2c5a2303b	40.750006	-73.982088	3
50474879e4b0472785fe9dde	40.782768	-73.826132	1
504760dbe4b0ee5699e3bd81	40.746477	-73.995390	2
5047d544e4b0317e98e63eb8	40.752891	-73.966735	2
504cc0e4e4b03dcfed614a48	40.738194	-73.996906	7
504cf5d5e4b0369117170911	40.787648	-73.943499	1
504de4e2e4b0985ffeb5e06a	40.725499	-73.996527	22
504fb48be4b079f5ad1fc81b	40.722528	-73.999585	1
50500337e4b079f5ad3bfddb	40.706278	-74.013088	1
505216aae4b0b0fc416f04ab	40.753905	-73.981611	2
5053f553e4b02f6113ec811d	40.679958	-73.983603	1
5058855be4b0b100c6c4595a	40.725718	-74.006994	1
5059c282e4b05ea416681a74	40.753227	-73.987419	13
505b53e6e4b0f6521ce2e15b	40.751677	-73.992739	36
505b5e02e4b065a90bec514f	40.741627	-74.003937	1
505c757be4b01fac87d2b1d1	40.748371	-73.992119	1
5060f573e4b0f6295af2b727	40.760391	-73.971722	1
50636f04e4b03811ff05ea94	40.725851	-73.996596	1
50646263e4b0b774f6791345	40.741832	-74.004641	1
5065a6d4498ef54a401118b9	40.754170	-73.986312	5
50686ccde4b02bd344b7bffb	40.711504	-74.013254	45
506bd60480551e51d842567b	40.693704	-73.964424	1
5072f9f8e4b0f11f53775ea7	40.745699	-73.982380	4
507ec866e4b007b0cc902d84	40.749040	-73.982765	1
50833832e4b0354c59eae0a6	40.740459	-74.001387	1
50857010e4b07ddb6320ab8a	40.754941	-73.975390	1
50886b7ae0e2e00927308611	40.675366	-73.988156	1
508b239c498edfd684689579	40.766406	-73.978535	4
5098057ae4b08bdee15d2c8a	40.753184	-73.989359	6
50994391e4b042bde692d4f5	40.763446	-73.932862	1
50a08048e4b035e93fb3138b	40.576378	-73.981364	4
50a430bfe4b0f010d751e3a5	40.764655	-73.970741	5
50a447abe4b0566fc7a197e5	40.765292	-73.976109	1
50a5012fe4b08e2f1a927b51	40.723662	-74.000756	11
50a97641e4b0354baf709a78	40.668972	-73.909111	1
50aa5fe4e4b0d042f9dc13f0	40.722784	-73.796032	95
50ab9edde4b03c7a6e7a2575	40.754367	-73.973898	1
50acdc21e4b087613d436be5	40.721237	-74.008624	3
50b91954e4b06d86d8d852d2	40.751656	-74.006300	5
50bce127e4b0e319554232b8	40.728466	-74.008076	1
50be5f46e4b0a7d06c05b1f4	40.750117	-73.936513	1
50c33e10e4b0c7bb3fcb852b	40.668433	-73.984585	1
50c61e2ee4b0b83e0ae071ef	40.767706	-73.968250	2
50ca761ae4b0881a659694bf	40.662922	-73.997537	21
50cf26e4e4b0981e1711b102	40.751162	-73.983513	19
50d20a55e4b04eb6f8598aac	40.712297	-73.886652	1
50d25d63e4b0656ca02d263e	40.762668	-73.973829	1
50d34d3de4b0ec19a5c8a4c8	40.665365	-73.880202	1
50e0b91ae4b0b92a35b71af3	40.752136	-73.929314	1
50e0dc8ae4b0a2f212f34b73	40.764758	-73.978523	3
50e4861de4b0a2ae423259b5	40.754507	-73.984102	5
50e5919de4b0332f61ab5b05	40.776100	-73.963501	4
50e9d1a7e4b05fbb81d08af6	40.776924	-73.923637	1
50eab699e4b0620208c6cfa6	40.692543	-74.025557	1
50ec3e48e4b00e1df2b08dc0	40.721802	-73.730872	7
50eed8eae4b0ba2199027653	40.742052	-73.992401	7
50eefeabe4b095e8bb553197	40.696886	-73.964740	1
50f03f62e4b0b92f1840791f	40.743377	-73.992191	1
50f266e7e4b067e9f1bba002	40.721405	-73.993933	1
50f2f5cae4b0ee8fe0553e88	40.697293	-73.969203	29
50f41850e4b074be176bce93	40.708141	-74.012153	1
50fea5efe4b0ba41569c32a3	40.748021	-73.983224	1
510fe0d5e4b00192c6d37229	40.799487	-73.946886	1
51110e43e4b081306754f373	40.758191	-73.999115	1
51128528e4b0ac14158c0c75	40.714724	-74.013254	1
5115374ae4b0ffe449b5b679	40.756389	-73.982231	10
5116baade4b0ec51095a6f69	40.794806	-73.950296	9
51237773e4b0bcdf6d6aca54	40.811783	-73.940689	1
5127a3d7e4b091425f979610	40.746831	-73.982730	4
512a7947e4b0e22f06da5cb0	40.724876	-73.996331	1
512b8c93e4b0ce6673e1f07e	40.706299	-74.011550	3
512cd47de4b0ab9567856017	40.755733	-73.970276	1
512e67cce4b04ac75b884e48	40.754032	-73.992173	1
51365f77e4b043f826d8083c	40.707445	-74.008279	3
513cd89ce4b0d67bb5472a50	40.785210	-73.796500	1
514beec5e4b0dc9e7b7197d6	40.734425	-73.990621	1
514dbcc9e4b08735ce3b087b	40.741966	-74.007935	2
515206b1e4b0802dbd53717d	40.706136	-74.013008	1
515303efe4b0b775afc97263	40.720485	-74.007063	3
51544f4ee4b0284e3c9b4f15	40.704067	-74.012253	22
5154b6b5e4b04cff3da40d08	40.751812	-73.978789	1
5154d556e4b0b5afc00bed3d	40.753075	-73.989749	3
515994e4e4b04ba492a29235	40.751806	-73.979413	1
515b4f06e4b02ddfd29a4228	40.746421	-73.981387	1
515c4c5ce4b0afecf472ca1c	40.750602	-73.882401	15
5162159d498eedc7d863c82f	40.861845	-73.912172	1
516339f0e4b0a3a217b995d4	40.751623	-73.979889	1
516d4ff1e4b0effddc3dc525	40.787450	-74.009385	1
516d73a6e4b0aad4987049c9	40.759472	-73.978799	1
516ef644e4b0d88f0c177820	40.707832	-74.012417	2
51716283e4b0147079606f08	40.856263	-73.966467	1
51720eea498e616e5669c928	40.730897	-73.787191	9
51768f47498e6dbb380c5ed6	40.759968	-73.970940	1
5176b05de4b097339006d47a	40.774885	-73.978719	8
517abdfee4b0fc74f6c15650	40.749228	-73.989521	1
517e63ebe4b04f0bfcb52923	40.758379	-73.978919	3
517eedf5e4b08739076715fa	40.787550	-73.943442	1
5183fc73498e7d7829128297	40.748749	-73.985984	3
518a7b80498e02a9fa67762b	40.741127	-73.973671	1
5190ddff498e59f77b15b864	40.707565	-74.013059	2
51ae9de5498ef03f6240dc14	40.715532	-73.998162	2
51b886f8498ee23fcd5de6b6	40.702766	-74.012652	1
51bf2417498edb2f35d3a21f	40.737507	-73.992682	1
51bf279f498e16bf1040ceaf	40.718881	-73.989485	1
51c39f20498efcc16e6562e4	40.710650	-74.013100	3
51cc5ae9498e2624ca47820d	40.711594	-74.012204	2
51d7645a498e9d28e1197450	40.760387	-73.974707	1
51e5998d498e5e20451c13e5	40.745560	-73.996513	1
51ef93d9498e1892bc95cf47	40.710544	-74.013335	1
52136f3f11d28fe41394d0e0	40.757873	-73.967406	1
521f322e11d24bef2591944a	40.840256	-74.008423	1
5227544611d27dfdaa39c09a	40.709783	-73.935147	2