4a79834af964a52020e71fe3	40.619547	-74.248695	11
4b43ad4ef964a5200ee625e3	40.612669	-74.129372	3
4b53abbef964a5203aa727e3	40.569447	-74.109885	14
4b5c7f38f964a520c53229e3	40.630409	-74.106099	30
4b65ce53f964a520d9002be3	40.613134	-74.121700	1
4b71b7b3f964a52042582de3	40.560325	-74.168766	7
4b71f6c5f964a52010672de3	40.612287	-74.132491	23
4b7ecc2cf964a520420030e3	40.606937	-74.162751	2
4b9995fcf964a520988535e3	40.560157	-74.163554	12
4bab7408f964a52080aa3ae3	40.643770	-74.077512	1
4bcc99e2fb84c9b6ffab203e	40.565832	-74.112758	2
4bd4503ca8b3a593a3866b5f	40.628922	-74.115150	7
4bdbae14fed22d7f7b8c57c9	40.627899	-74.241590	4
4bfec70cdaf9c9b6d83ef9ef	40.586386	-74.167972	23
4c1ef3cee923ef3bc8a64e54	40.576205	-74.164576	1
4c50fae05ee81b8d69887cff	40.572091	-74.108394	6
4c5efb6b9b28d13a73bf5d70	40.589207	-74.194009	1
4c66913ae75ac92882c9f7da	40.624764	-74.148030	4
4ca0b8ab0e9bb1f71ad7fa5f	40.635930	-74.105778	1
4d39adca6de7721efe03e749	40.592448	-74.162940	51
4db465dccda1c57c825ac8cb	40.554192	-74.143445	2
4e4c36b4bd41b9fca43181ba	40.632328	-74.238412	1
3fd66200f964a52052e61ee3	40.729684	-73.999758	33
3fd66200f964a52059e61ee3	40.729469	-74.001852	17
3fd66200f964a5205dee1ee3	40.716582	-73.959020	10
3fd66200f964a52089e41ee3	40.729145	-73.990946	43
3fd66200f964a520c4f11ee3	40.729070	-73.986811	26
4075e780f964a52059f21ee3	40.679668	-73.978202	36
407c7f00f964a52075f21ee3	40.712726	-73.956868	10
40f32600f964a520720a1fe3	40.803548	-73.963373	15
42829c80f964a52025221fe3	40.765869	-73.963543	28
42e97180f964a52091261fe3	40.671083	-73.985046	1
437bc800f964a5207a2a1fe3	40.725344	-73.977798	22
4388f700f964a520182b1fe3	40.733281	-74.000699	16
43a18b01f964a5202e2c1fe3	40.728431	-73.948728	16
43f094a4f964a520772f1fe3	40.686541	-73.993859	2
444c9270f964a52081321fe3	40.713733	-73.945947	8
44787ff9f964a520cc331fe3	40.779367	-73.915420	6
447aee37f964a520e7331fe3	40.694550	-73.930440	13
44afd4e4f964a5202d351fe3	40.750164	-73.976793	27
44ca1c8af964a520f6351fe3	40.711812	-73.949068	77
44dc96e4f964a520b0361fe3	40.728283	-73.995591	75
44e39280f964a52045371fe3	40.726454	-73.998595	97
45112af0f964a5208d391fe3	40.774215	-73.981176	52
45865f87f964a520b23f1fe3	40.776062	-73.979493	1
45ac15a4f964a52061411fe3	40.726226	-73.852758	26
45be0276f964a52012421fe3	40.733990	-73.986885	65
45c76421f964a52066421fe3	40.744045	-73.983737	84
45c88764f964a5206e421fe3	40.707508	-74.002332	15
45d1a484f964a520af421fe3	40.742778	-73.998338	67
460ab8cdf964a520f1441fe3	40.741136	-73.985789	82
4654400ef964a520f6461fe3	40.708589	-74.009538	7
465c691cf964a52032471fe3	40.717688	-73.990602	14
466bed66f964a520aa471fe3	40.738196	-74.003471	43
46712cd5f964a520c8471fe3	40.715517	-74.003220	25
46bf2572f964a520e4491fe3	40.764815	-73.970414	4
47b82c58f964a520b64d1fe3	40.763564	-73.977642	8
47da6dcff964a520324e1fe3	40.718639	-73.956914	29
47fdf872f964a520e14e1fe3	40.727190	-73.986099	46
4876216df964a52011511fe3	40.734659	-74.000618	52
49085de8f964a5205f521fe3	40.762679	-73.993262	5
4989af90f964a5207f521fe3	40.729147	-73.981273	29
49b15042f964a520d4521fe3	40.727612	-74.007306	56
49b5889bf964a520fa521fe3	40.733787	-73.993035	114
49b6c9c8f964a52010531fe3	40.743545	-73.983929	17
49b79e04f964a5202b531fe3	40.689607	-73.972452	15
49b840abf964a5203b531fe3	40.722890	-73.982811	8
49bacb76f964a520ae531fe3	40.704099	-73.934169	5
49bc267ff964a5201c541fe3	40.706376	-73.922259	19
49be6964f964a520aa541fe3	40.734186	-74.007496	9
49be9afef964a520c5541fe3	40.732935	-74.003981	17
49c192c5f964a520b6551fe3	40.746607	-74.001675	27
49c2af91f964a52018561fe3	40.823358	-73.952408	2
49c4fbcdf964a520d9561fe3	40.736772	-74.000943	26
49c64908f964a52030571fe3	40.737189	-74.001278	12
49c6493ff964a52031571fe3	40.738338	-73.999712	1
49c6b987f964a52076571fe3	40.666136	-73.985306	8
49c79540f964a520af571fe3	40.714490	-74.006713	5
49c7e0b7f964a520cc571fe3	40.707298	-74.012118	25
49c9660bf964a5205d581fe3	40.776130	-73.910881	26
49cbb835f964a52010591fe3	40.723938	-73.985122	13
49ccd495f964a52091591fe3	40.714932	-74.011438	108
49ce813df964a5204c5a1fe3	40.689251	-73.951432	3
49ce8650f964a520505a1fe3	40.661140	-73.989909	7
49ce95d4f964a5205f5a1fe3	40.740553	-74.029910	11
49cf9381f964a520af5a1fe3	40.780075	-73.955269	116
49d0cebcf964a520345b1fe3	40.727714	-73.987985	10
49d115b7f964a5205a5b1fe3	40.736229	-73.955154	4
49d2b43ef964a520cb5b1fe3	40.720087	-74.003961	46
49d36ca4f964a520f75b1fe3	40.726860	-73.980260	30
49d376a1f964a520fa5b1fe3	40.732876	-73.988193	41
49d77c64f964a520295d1fe3	40.774206	-73.951323	3
49d7b51ff964a520515d1fe3	40.722280	-73.995177	35
49d7ca2cf964a520605d1fe3	40.722737	-74.001284	15
49d7cb80f964a520645d1fe3	40.660746	-73.980033	8
49d9658af964a520325e1fe3	40.841268	-73.940262	11
49da6946f964a520825e1fe3	40.707368	-74.008423	10
49da74aef964a5208b5e1fe3	40.730015	-73.991504	137
49dcd96bf964a520b15f1fe3	40.748452	-73.985077	57
49de2becf964a5202b601fe3	40.755036	-73.986512	87
49df6421f964a520c4601fe3	40.715428	-73.944444	60
49e236adf964a520fc611fe3	40.737139	-74.032786	5
49e2afb2f964a5204d621fe3	40.778347	-73.980903	31
49e3a130f964a520a3621fe3	40.742250	-74.006095	18
49e3a2b3f964a520a6621fe3	40.746966	-73.981072	201
49e4a677f964a52014631fe3	40.702345	-73.990685	125
49e606ebf964a520ef631fe3	40.720013	-74.010346	4
49e644c6f964a5202f641fe3	40.722638	-73.998002	148
49e74273f964a5207f641fe3	40.743345	-73.979872	6
49eb98b1f964a520fa661fe3	40.679867	-73.964232	1
49ecce43f964a52093671fe3	40.756326	-73.970419	7
49eceb82f964a520ad671fe3	40.764667	-73.976038	11
49edd0a5f964a520fa671fe3	40.694673	-73.994082	63
49ee02e9f964a52010681fe3	40.723856	-73.996407	66
49ee1690f964a52021681fe3	40.735928	-74.029826	23
49ee1f92f964a52027681fe3	40.741187	-73.989089	22
49ee2410f964a52029681fe3	40.713338	-74.015794	50
49ee24a0f964a5202a681fe3	40.709178	-74.013828	7
49ee4554f964a52042681fe3	40.755666	-73.989543	58
49ef714cf964a520b6681fe3	40.752300	-73.975652	36
49f0abd1f964a52043691fe3	40.740376	-73.994735	7
49f0b2c4f964a5204a691fe3	40.782573	-73.951162	27
49f339b4f964a520716a1fe3	40.771483	-73.956466	1
49f37b88f964a520a26a1fe3	40.741503	-74.030671	26
49f4b94df964a520406b1fe3	40.740669	-74.037382	10
49f51a5af964a520906b1fe3	40.769315	-73.952006	4
49f52737f964a520a06b1fe3	40.777788	-73.951840	4
49f5ac81f964a520b16b1fe3	40.752346	-73.974529	20
49f63899f964a520236c1fe3	40.742081	-73.993105	10
49fb5a63f964a520396e1fe3	40.728709	-73.994797	4
49fdccc2f964a5202e6f1fe3	40.673687	-73.960547	2
4a018e3bf964a520e1701fe3	40.713329	-74.015131	22
4a064bcaf964a520e4721fe3	40.663473	-73.991391	7
4a08a6eaf964a52003741fe3	40.760898	-73.968795	18
4a118d01f964a52023771fe3	40.717915	-73.999287	2
4a11d75df964a52050771fe3	40.671968	-73.977422	50
4a12a14cf964a5208d771fe3	40.662989	-73.991746	5
4a19aaebf964a520307a1fe3	40.758115	-73.829640	60
4a19ab55f964a520317a1fe3	40.760880	-73.766468	24
4a19b507f964a520347a1fe3	40.718090	-73.999999	48
4a19b5c1f964a520367a1fe3	40.761105	-73.762071	25
4a1c91b1f964a520527b1fe3	40.737194	-73.996536	37
4a20b852f964a520b97c1fe3	40.735125	-73.990099	70
4a2407e6f964a520ef7d1fe3	40.677492	-73.963759	18
4a25743af964a520547e1fe3	40.823337	-73.942845	22
4a26e7b6f964a520eb7e1fe3	40.722547	-73.949033	5
4a2bc609f964a520dd961fe3	40.725295	-73.952244	4
4a2da23ef964a520d9971fe3	40.805526	-73.965368	7
4a32b4ecf964a520819a1fe3	40.755710	-73.923225	18
4a32c7d0f964a520919a1fe3	40.805872	-73.954456	7
4a352c0ef964a5208e9c1fe3	40.717770	-73.944932	2
4a354af4f964a520c09c1fe3	40.676149	-73.983907	4
4a356654f964a520f19c1fe3	40.761312	-73.967951	45
4a397422f964a520769f1fe3	40.660394	-73.980308	10
4a3ea31ef964a52030a31fe3	40.764347	-73.959388	15
4a3fbfacf964a520eaa31fe3	40.740299	-73.986783	70
4a3ffdc5f964a5202da41fe3	40.737064	-73.990426	208
4a412e97f964a520eca41fe3	40.734223	-73.992596	15
4a427463f964a520e0a51fe3	40.721305	-73.988165	5
4a4281c6f964a520e9a51fe3	40.766461	-73.960272	11
4a4512f4f964a520bba71fe3	40.665242	-73.982931	13
4a45168af964a520c1a71fe3	40.770689	-73.959336	1
4a47dbdbf964a52031aa1fe3	40.718575	-73.945186	8
4a534cc4f964a5202cb21fe3	40.729828	-73.999829	27
4a535b7df964a52034b21fe3	40.729023	-73.981450	12
4a54ff84f964a52089b31fe3	40.767758	-73.953315	1
4a560cd1f964a5205cb41fe3	40.757708	-73.971183	51
4a564295f964a520dfb41fe3	40.683404	-73.995413	6
4a567942f964a5203db51fe3	40.711344	-73.946814	3
4a58d0acf964a520f6b71fe3	40.741957	-73.993695	41
4a5a2472f964a520c6b91fe3	40.708180	-73.939963	1
4a5b500bf964a520f9ba1fe3	40.749118	-73.988297	4
4a5b8823f964a5205dbb1fe3	40.711938	-73.941111	5
4a5c8acef964a52046bc1fe3	40.690706	-73.955467	18
4a5dd4a7f964a520b9bd1fe3	40.749829	-73.991540	1
4a5dd4d3f964a520babd1fe3	40.693193	-73.990329	1
4a5dd4eff964a520bbbd1fe3	40.750813	-73.990226	2
4a5dd506f964a520bcbd1fe3	40.760966	-73.983200	4
4a5dd521f964a520bdbd1fe3	40.752782	-73.978851	2
4a5dd98ef964a520c2bd1fe3	40.737841	-73.988498	29
4a5e9b4af964a520e4be1fe3	40.761853	-73.983693	72
4a5f14c4f964a52034bf1fe3	40.782735	-73.975110	6
4a5f4a08f964a5205abf1fe3	40.762016	-73.986654	16
4a637704f964a5201bc51fe3	40.767612	-73.968494	20
4a6484a5f964a5203ac61fe3	40.741498	-74.001471	2
4a64e954f964a520f6c61fe3	40.675225	-73.975302	9
4a663fe9f964a5204ac81fe3	40.726935	-74.000159	46
4a67447ef964a52016c91fe3	40.694352	-73.930526	2
4a677eebf964a5208fc91fe3	40.712832	-74.008888	1
4a699cddf964a520f3cb1fe3	40.807050	-73.964490	51
4a69ad2cf964a520f7cb1fe3	40.711453	-73.947265	3
4a69b07ef964a520f9cb1fe3	40.739454	-73.785424	40
4a69c95df964a52008cc1fe3	40.714737	-73.956855	16
4a6a2f2ff964a520c7cc1fe3	40.785053	-73.979235	29
4a6b310df964a52024ce1fe3	40.746271	-73.979838	13
4a6dae17f964a520d7d21fe3	40.718628	-74.000286	14
4a6dea38f964a52052d31fe3	40.719023	-74.002346	90
4a704000f964a52040d71fe3	40.733136	-73.981341	72
4a7095b3f964a520ded71fe3	40.754068	-73.991729	4
4a70ef04f964a520ced81fe3	40.804548	-73.966401	40
4a718a5af964a52041d91fe3	40.715550	-74.009008	90
4a7198f9f964a5204ad91fe3	40.706588	-74.006546	7
4a71e101f964a520c4d91fe3	40.741934	-73.990231	59
4a72eeb8f964a52056db1fe3	40.752286	-73.985801	51
4a73248cf964a520a9db1fe3	40.721151	-74.000351	28
4a732bf6f964a520c1db1fe3	40.596012	-73.984349	5
4a734456f964a520f8db1fe3	40.703253	-74.014227	34
4a745e31f964a520eedd1fe3	40.733472	-74.003207	6
4a746847f964a5200ade1fe3	40.749102	-73.982214	15
4a75cde8f964a52052e11fe3	40.763919	-73.978736	15
4a75f517f964a520cbe11fe3	40.751710	-73.990295	108
4a772d25f964a520cee31fe3	40.765159	-73.979109	11
4a773e0df964a520f1e31fe3	40.785691	-73.972767	53
4a78323ef964a52043e51fe3	40.752284	-73.987551	16
4a785251f964a52063e51fe3	40.813099	-73.984686	56
4a785af0f964a52071e51fe3	40.776242	-73.949974	25
4a7ae3f0f964a52095e91fe3	40.704534	-74.009404	31
4a7b1109f964a520eee91fe3	40.735307	-74.005950	4
4a7c16e5f964a520e1eb1fe3	40.715627	-74.034129	15
4a7c2cd8f964a520f6eb1fe3	40.749592	-73.889159	11
4a7c75cdf964a520a6ec1fe3	40.729259	-73.987201	26
4a7cb83df964a52057ed1fe3	40.752292	-73.971907	6
4a7d9d74f964a520f1ee1fe3	40.681575	-73.977307	1
4a7dbbeaf964a52066ef1fe3	40.695000	-73.994923	2
4a7f0913f964a5208af21fe3	40.743656	-73.976630	49
4a7fe4e2f964a5208ef41fe3	40.769004	-73.982320	78
4a802155f964a520a9f41fe3	40.747810	-73.989165	36
4a809c7df964a520b2f51fe3	40.727044	-73.995316	78
4a8177b4f964a520c5f61fe3	40.745019	-73.986994	17
4a819c70f964a52006f71fe3	40.779349	-73.947781	50
4a81ecabf964a520fdf71fe3	40.741131	-74.001542	31
4a836d3bf964a5201dfb1fe3	40.777634	-73.982208	25
4a847222f964a520a1fc1fe3	40.757550	-73.984865	80
4a84eb0af964a520e1fd1fe3	40.712033	-74.006993	46
4a85b1b3f964a520eefe1fe3	40.748939	-73.992280	55
4a871b30f964a5209a0220e3	40.741396	-74.004818	70
4a87563bf964a520f80320e3	40.760229	-73.918097	23
4a887a70f964a520970620e3	40.774643	-73.954210	31
4a8a998af964a5202b0a20e3	40.709647	-74.010517	165
4a8ae51ef964a520c10a20e3	40.745495	-73.990931	34
4a8c37ddf964a520540d20e3	40.753726	-73.988642	53
4a8dc130f964a520b81020e3	40.714671	-73.831944	33
4a8df0c5f964a5207e1120e3	40.752767	-73.974913	16
4a902fa5f964a520671620e3	40.767614	-73.982874	49
4a905a5bf964a520721720e3	40.778064	-73.978231	17
4a9127f2f964a520cb1920e3	40.763414	-73.977642	57
4a9153c7f964a520ea1920e3	40.798840	-73.941365	8
4a91759cf964a520411a20e3	40.676267	-73.971803	9
4a9189d6f964a5209a1a20e3	40.730369	-73.954279	11
4a92c25af964a520981d20e3	40.744006	-73.976698	24
4a9320d2f964a520e31e20e3	40.725687	-74.005701	206
4a93d972f964a520e61f20e3	40.771057	-73.956742	18
4a93fc49f964a520192020e3	40.704390	-74.013404	24
4a93fe6ff964a5201c2020e3	40.704494	-74.009904	4
4a942a25f964a520972020e3	40.724285	-74.001964	70
4a945657f964a520432120e3	40.713354	-73.961828	2
4a9535d7f964a520b22220e3	40.684358	-73.944391	4
4a96cdd7f964a520072720e3	40.729610	-73.998357	5
4a97cf92f964a520c42920e3	40.750567	-73.978643	20
4a97fb83f964a520032a20e3	40.742602	-74.006690	2
4a990ba9f964a520602d20e3	40.640791	-73.786669	11
4a993262f964a5207c2d20e3	40.787216	-73.954168	15
4a9a8254f964a520c73120e3	40.754102	-73.972049	16
4a9b025ef964a520f93320e3	40.693870	-73.987452	43
4a9b03dcf964a520013420e3	40.728520	-73.987327	11
4a9bfd37f964a520a23520e3	40.755002	-73.968647	49
4a9eb0e7f964a520e43a20e3	40.720787	-73.999497	38
4a9efc7af964a520103c20e3	40.661442	-73.840098	56
4a9ff5d9f964a520ba3d20e3	40.705134	-74.011439	36
4aa01922f964a520483e20e3	40.749079	-73.983999	74
4aa01e1af964a520613e20e3	40.680392	-73.996785	3
4aa040cff964a520e33e20e3	40.741909	-73.919784	4
4aa3ed73f964a520604420e3	40.790970	-73.947051	17
4aa512c5f964a5205e4720e3	40.735005	-73.993261	35
4aa52d50f964a520834720e3	40.745902	-73.988142	186
4aa53eccf964a520b24720e3	40.778652	-73.956003	30
4aa7dd7af964a520b14d20e3	40.710421	-74.007762	50
4aa93b87f964a520935220e3	40.716503	-74.034370	8
4aaadceff964a520c35720e3	40.743333	-73.918579	54
4aabc152f964a520f15920e3	40.713886	-74.008962	113
4aabdb37f964a520775a20e3	40.743644	-73.992241	64
4aad2610f964a520ba5e20e3	40.789274	-73.975719	19
4aad5361f964a520b55f20e3	40.679562	-73.964995	1
4aae44a6f964a520c46120e3	40.714730	-73.944469	8
4aaf8257f964a5203a6420e3	40.643193	-73.781607	4
4aafb418f964a520806420e3	40.767212	-73.984062	21
4aafdf93f964a520f66420e3	40.851037	-73.938450	16
4ab26682f964a520106b20e3	40.752548	-73.992995	84
4ab26766f964a520146b20e3	40.755473	-73.991132	91
4ab27b2df964a520576b20e3	40.756002	-73.975024	8
4ab27ee6f964a520616b20e3	40.751920	-73.977696	4
4ab6469ef964a5206a7620e3	40.737990	-74.034891	8
4ab6c8faf964a520097920e3	40.769824	-73.954526	12
4ab7779ff964a520ef7920e3	40.751046	-73.975086	23
4ab8121ef964a520117c20e3	40.719185	-73.990191	44
4ab8b766f964a520147d20e3	40.745019	-73.982756	10
4ab8d504f964a520297d20e3	40.786652	-73.972032	11
4ab966c3f964a5203c7f20e3	40.751591	-73.974121	28
4aba5714f964a520f58020e3	40.753419	-73.978535	23
4abb899bf964a520f18320e3	40.771536	-73.981975	47
4abce119f964a520878720e3	40.769076	-73.984595	48
4abd2a7bf964a520d08820e3	40.764291	-73.978693	4
4abe4678f964a5205d8c20e3	40.730506	-73.995207	2
4abe60d8f964a520198d20e3	40.742853	-74.000446	22
4abed54df964a5202a9020e3	40.621123	-74.025790	17
4ac10f68f964a520a29520e3	40.752207	-73.979769	68
4ac2521ff964a520b29820e3	40.780900	-73.981255	58
4ac3ff4af964a520cc9d20e3	40.792732	-73.973220	13
4ac51a7ff964a52058b020e3	40.758398	-73.986383	3
4ac6257ef964a520f9b220e3	40.715835	-73.990633	1
4ac669faf964a5203fb420e3	40.783441	-73.974299	15
4ac7a552f964a520c2b820e3	40.761627	-73.990335	39
4ac897c4f964a5203ebc20e3	40.727049	-73.853430	8
4ac9784ef964a520f9bf20e3	40.809098	-73.948671	22
4acbdd2ef964a52016c820e3	40.758166	-73.989256	40
4acd23d9f964a5200acb20e3	40.759054	-73.962413	4
4acd28eef964a52021cb20e3	40.686180	-73.990974	16
4acdd61af964a5202ecd20e3	40.762309	-73.973866	27
4acf7fb1f964a5201dd420e3	40.692390	-73.990916	39
4ad13d14f964a520a3dd20e3	40.760406	-73.961385	24
4ad205d0f964a520e3de20e3	40.770012	-73.951550	13
4ad35d4df964a520fde320e3	40.766648	-73.920881	19
4ad3686ef964a5203be420e3	40.702415	-74.012583	40
4ad3d174f964a5207be620e3	40.738871	-73.982971	25
4ad489eaf964a52025e820e3	40.762259	-73.987631	25
4ad60ec2f964a520dd0421e3	40.798834	-73.968673	21
4ad71c45f964a520b50821e3	40.740647	-73.991040	83
4ad74a65f964a520470921e3	40.695983	-73.943528	1
4ad74ddcf964a520560921e3	40.763562	-73.985278	43
4ad76597f964a5200e0a21e3	40.712079	-74.008078	33
4ad769f8f964a5202b0a21e3	40.643844	-73.782463	1
4ad79820f964a5208a0c21e3	40.755385	-73.972149	2
4ad79deff964a520d50c21e3	40.655733	-73.942965	13
4ada106af964a520ed1d21e3	40.733410	-74.002856	96
4ada21e2f964a520df1e21e3	40.777779	-73.948706	2
4adb9ae5f964a520532921e3	40.749927	-73.985910	2
4adc63d5f964a520fd2b21e3	40.744637	-73.990490	2
4adc9981f964a520c12d21e3	40.770330	-73.917884	6
4adcb8a5f964a520102f21e3	40.759451	-73.970069	18
4adcc4bff964a5209c2f21e3	40.762611	-73.977766	9
4add9a9ef964a520206521e3	40.807800	-73.945112	69
4addbdd4f964a520926521e3	40.672250	-73.957449	10
4ae20b16f964a5201b8a21e3	40.774183	-73.959635	46
4ae33a3df964a520f99121e3	40.733029	-73.990038	58
4ae35fe1f964a520319421e3	40.631445	-74.027628	48
4ae467c3f964a5205e9a21e3	40.779968	-73.976893	30
4ae60577f964a52024a421e3	40.860888	-73.970389	12
4ae8495ef964a5207fae21e3	40.762530	-73.965954	23
4ae85aacf964a520d3ae21e3	40.761891	-73.979126	49
4ae8896ef964a5203db021e3	40.733593	-73.954819	3
4ae8915df964a52079b021e3	40.719258	-74.041543	41
4aea76b3f964a520abbb21e3	40.714793	-74.005927	19
4aeaedbdf964a520bdbc21e3	40.751584	-73.984257	3
4aeb6535f964a520b7c121e3	40.739507	-73.990549	10
4aec65e4f964a520aec621e3	40.744061	-73.985841	8
4aec86faf964a52045c821e3	40.725306	-73.951604	4
4aedc28af964a5209ece21e3	40.734358	-73.989244	12
4aeedbe6f964a5206cd421e3	40.743850	-73.987195	86
4aeee664f964a52096d421e3	40.756837	-73.972503	12
4aeee85af964a520a2d421e3	40.753897	-73.978554	59
4aef4d35f964a52061d721e3	40.758337	-73.982374	35
4aef8a67f964a5202bd921e3	40.750060	-73.991993	7
4af09ab3f964a52094dd21e3	40.763962	-73.982570	16
4af281eaf964a520d2e721e3	40.729518	-73.996550	46
4af3657bf964a5203ded21e3	40.736293	-73.978814	1
4af4448cf964a520fbf021e3	40.733078	-73.999890	39
4af57814f964a52043f921e3	40.744306	-73.995559	74
4af5bca6f964a5201bfc21e3	40.775864	-73.910335	14
4af73d00f964a520830722e3	40.764423	-73.980917	37
4af82bc2f964a520370b22e3	40.708892	-74.011022	20
4af8607ef964a520b00c22e3	40.736266	-73.989411	6
4af8f192f964a5209f1022e3	40.764103	-73.958825	19
4af8fb03f964a520c11022e3	40.736755	-74.030084	28
4af96e34f964a520bb1122e3	40.755120	-73.979546	23
4afb634af964a520951d22e3	40.755404	-73.979639	59
4afd78c6f964a520012822e3	40.750540	-73.976555	33
4afedbe6f964a520f63022e3	40.709726	-74.008968	2
4afef300f964a520033222e3	40.710611	-73.793133	2
4b00664ef964a520c33d22e3	40.680927	-74.008520	2
4b040c7df964a5201d5122e3	40.753748	-73.999092	11
4b054e0df964a520aa5722e3	40.761165	-73.973404	46
4b05cf87f964a520b6e322e3	40.800124	-73.966166	9
4b069e81f964a520cfed22e3	40.751646	-73.992920	82
4b0807abf964a520890223e3	40.759265	-73.953235	8
4b0835acf964a520540623e3	40.756977	-73.989315	67
4b092864f964a5207a1423e3	40.750999	-74.025477	47
4b0aac1ff964a520402623e3	40.759118	-73.982587	21
4b0bfe7cf964a520743523e3	40.723229	-73.988848	18
4b0c09cbf964a520ff3523e3	40.721115	-73.847331	93
4b0ea0f0f964a520175923e3	40.756108	-73.982834	35
4b100aa8f964a520eb6723e3	40.646490	-73.788879	5
4b108b71f964a520887223e3	40.782914	-74.007125	23
4b13f12bf964a520b69a23e3	40.726342	-74.032850	52
4b1438b9f964a5207d9f23e3	40.759437	-73.830462	1
4b16bba6f964a520a7bc23e3	40.720402	-73.844452	36
4b191a58f964a520ffd723e3	40.744788	-74.028754	21
4b1e47faf964a5205d1824e3	40.752004	-73.975668	51
4b1fc882f964a520022924e3	40.761211	-73.969725	16
4b201b3ef964a520472d24e3	40.713014	-73.876935	3
4b20ed51f964a5206c3524e3	40.708135	-73.830764	153
4b217496f964a5201c3c24e3	40.835502	-73.861127	19
4b227383f964a520fa4624e3	40.727251	-74.005519	4
4b229df6f964a520524a24e3	40.679818	-73.968221	1
4b22a4a8f964a520f24a24e3	40.769792	-73.962648	7
4b232e74f964a520305424e3	40.715194	-73.832657	5
4b23dd84f964a520955b24e3	40.688522	-73.992946	13
4b2410d2f964a5204b6024e3	40.762049	-73.981633	11
4b242ae5f964a520b76224e3	40.604852	-73.998667	14
4b25a38bf964a520dc7424e3	40.841184	-73.939854	36
4b267682f964a520de7b24e3	40.811454	-73.961549	3
4b27e894f964a5201e8c24e3	40.754088	-73.992022	16
4b27fe4df964a5205d8d24e3	40.758108	-73.974638	26
4b284a51f964a520179224e3	40.646392	-73.783150	4
4b292e73f964a5207b9a24e3	40.873578	-73.908591	36
4b2a235cf964a52081a524e3	40.760716	-73.976161	5
4b2a41ebf964a52095a624e3	40.849445	-73.970528	13
4b2f9322f964a5208bec24e3	40.774724	-73.871169	8
4b310484f964a5204dfe24e3	40.751118	-73.971372	1
4b339044f964a520d01a25e3	40.701493	-73.943218	2
4b33d4c5f964a5201a2025e3	40.722852	-73.867575	38
4b33f294f964a5209e2225e3	40.745131	-73.998673	33
4b34d42ef964a520b92825e3	40.669109	-73.986444	1
4b360986f964a520d12f25e3	40.774330	-73.732803	34
4b365763f964a520313325e3	40.761196	-73.968979	11
4b38b954f964a520c24f25e3	40.752115	-73.977364	12
4b38d401f964a520d65025e3	40.760447	-73.987522	37
4b3a4910f964a520d16325e3	40.752719	-73.909707	32
4b3cfe63f964a520618b25e3	40.708323	-74.007947	14
4b3e9301f964a520239f25e3	40.778246	-73.980963	1
4b3f9112f964a52033a925e3	40.761645	-73.984211	5
4b3fabb4f964a520c0ab25e3	40.788605	-73.729479	4
4b3febc4f964a52019b225e3	40.619196	-73.990122	96
4b3ff06cf964a52097b225e3	40.777624	-73.954916	20
4b4022cdf964a5200fb625e3	40.828264	-73.949004	1
4b40c93df964a5200ebb25e3	40.608666	-73.958401	64
4b43854ef964a5204ee225e3	40.732963	-73.986495	5
4b4483f1f964a520dff525e3	40.798250	-73.940864	4
4b4497d8f964a52060f725e3	40.639684	-73.786411	2
4b45ece0f964a520651226e3	40.749825	-73.972964	39
4b4602a7f964a5201e1426e3	40.705234	-74.006755	1
4b4756c3f964a520422f26e3	40.757083	-73.975952	63
4b4b7d50f964a520c29d26e3	40.756606	-73.986271	105
4b4b82fef964a520a99e26e3	40.755779	-73.983663	48
4b4b8ac4f964a520ab9f26e3	40.847246	-73.844496	16
4b4bc134f964a52093a626e3	40.760667	-73.983568	55
4b4c7380f964a5204fb326e3	40.701846	-73.808362	3
4b4c7e4ef964a5206ab426e3	40.737210	-74.028668	1
4b4cb1c8f964a5209bba26e3	40.730267	-73.999733	1
4b4e4117f964a520fae626e3	40.716808	-74.005987	2
4b4f2c9ff964a52035fc26e3	40.863842	-73.975110	15
4b4f3af8f964a5201cfe26e3	40.759253	-73.973608	4
4b4f8980f964a5207e0a27e3	40.738005	-74.004349	4
4b4fc6ebf964a520041527e3	40.778981	-74.015848	6
4b507f67f964a520352527e3	40.756081	-73.992756	4
4b51ff83f964a5203a6027e3	40.743193	-73.922753	32
4b520dd3f964a520646427e3	40.738511	-73.792634	6
4b522de2f964a520c36d27e3	40.581337	-73.985445	8
4b524b96f964a520877527e3	40.707409	-73.836182	4
4b5357adf964a520319827e3	40.876953	-73.906703	5
4b54820bf964a520d7bd27e3	40.720082	-73.761837	5
4b54bf68f964a52043ca27e3	40.639891	-73.967607	5
4b5623a2f964a5202f0228e3	40.764671	-73.976882	24
4b5657bcf964a520550c28e3	40.755710	-73.978479	6
4b57b10bf964a520303c28e3	40.762951	-73.927828	4
4b58f22af964a520c07428e3	40.747745	-73.985302	95
4b59aedcf964a520999228e3	40.577850	-73.961207	16
4b5b23bef964a52003e628e3	40.751058	-73.991101	8
4b5b64aaf964a5206dfa28e3	40.747483	-73.982283	32
4b5df26cf964a5206a7529e3	40.708312	-74.010730	2
4b5e5125f964a520488929e3	40.747107	-73.993405	79
4b5f0221f964a520fea129e3	40.753953	-73.976543	31
4b5f3f33f964a520c8af29e3	40.758919	-73.992297	80
4b5f42a1f964a52094b029e3	40.759573	-73.985244	197
4b5fb175f964a52081c829e3	40.765290	-73.819848	8
4b61cec9f964a52023242ae3	40.720012	-73.984515	6
4b61f328f964a520082d2ae3	40.740867	-73.991798	21
4b62f569f964a520cb5a2ae3	40.757108	-74.001117	4
4b634bd1f964a52073702ae3	40.808312	-73.960927	10
4b645fd7f964a5202cae2ae3	40.821797	-73.992395	6
4b6500fdf964a520e3de2ae3	40.697502	-73.931444	37
4b66e406f964a520012f2be3	40.717884	-73.736640	1
4b67265df964a520e53d2be3	40.753130	-73.980102	28
4b683d00f964a520a56d2be3	40.755185	-73.973501	9
4b686402f964a5209f752be3	40.862514	-73.925370	1
4b697d7bf964a5205aa42be3	40.756579	-73.978242	16
4b69efa9f964a52014bd2be3	40.772298	-73.949633	37
4b6c311cf964a520a2282ce3	40.739686	-73.985238	7
4b6c77f9f964a5209c3c2ce3	40.758592	-73.970719	13
4b6c8515f964a52066402ce3	40.716407	-74.035711	2
4b6ca1d2f964a52006482ce3	40.773462	-73.906723	10
4b6daa1cf964a52072842ce3	40.777075	-73.950020	97
4b6decd0f964a520499c2ce3	40.647948	-73.791798	1
4b716c88f964a520ed452de3	40.752280	-74.032917	3
4b71c776f964a520fb5b2de3	40.868352	-73.901384	11
4b748e25f964a520bce32de3	40.807426	-73.962969	2
4b749ffdf964a5208ce82de3	40.743436	-73.919210	7
4b7585b7f964a52070112ee3	40.655423	-73.960567	1
4b77038bf964a5208b742ee3	40.743217	-73.883435	22
4b780846f964a520d2b22ee3	40.632230	-73.948533	42
4b796b49f964a5208df82ee3	40.619230	-74.033046	21
4b7bfd18f964a52045772fe3	40.715870	-74.004584	3
4b7de017f964a52049d82fe3	40.710833	-74.011005	48
4b7eeb57f964a520710930e3	40.775081	-73.958785	5
4b81517ef964a520309f30e3	40.790133	-73.945698	4
4b8272dcf964a52062d330e3	40.790225	-73.975089	15
4b841c79f964a5206a2131e3	40.703627	-74.010751	14
4b843a9cf964a520f22831e3	40.717353	-73.960392	46
4b87d2d1f964a520dbcd31e3	40.756731	-73.974070	1
4b898555f964a520683e32e3	40.696778	-73.935499	24
4b8d756cf964a520effc32e3	40.743089	-73.993089	29
4b9271cff964a52000fa33e3	40.643122	-73.790523	5
4b927422f964a520affa33e3	40.855047	-74.034594	38
4b927d28f964a520a9fd33e3	40.701518	-73.942277	4
4b93f1bdf964a520c25b34e3	40.676049	-73.963297	1
4b959d5bf964a52042ac34e3	40.749450	-73.887253	13
4b96c4b5f964a5204ce334e3	40.766842	-73.956713	2
4b991f43f964a520d06235e3	40.621838	-74.028862	3
4b9a84bdf964a5201cbd35e3	40.635043	-73.962809	6
4b9d9a4ef964a520edb536e3	40.753044	-73.977900	32
4b9fa61df964a520943137e3	40.748915	-73.988843	1
4b9fd1e0f964a520934137e3	40.760061	-73.976934	17
4ba034c9f964a520836137e3	40.756707	-73.982334	17
4ba0c4ebf964a5206f7c37e3	40.718827	-74.034923	12
4ba29122f964a520f70438e3	40.685049	-73.977555	1
4ba2a317f964a520750b38e3	40.658513	-73.931650	3
4ba3900af964a520ac4738e3	40.680566	-73.753220	2
4ba3af25f964a520155438e3	40.760858	-73.978369	14
4ba64cf3f964a520f74339e3	40.821083	-73.954451	4
4ba7bc10f964a52058ae39e3	40.737708	-73.796044	6
4ba82ce9f964a52081cf39e3	40.580000	-73.970936	14
4ba8f79df964a520bdfe39e3	40.602116	-73.994237	12
4ba92cbcf964a52078113ae3	40.672864	-73.911374	1
4ba92d21f964a5209e113ae3	40.852602	-73.827665	9
4bae4593f964a520679b3be3	40.732625	-74.001950	5
4bb0c649f964a520bd5b3ce3	40.649213	-73.963853	11
4bb0ce2bf964a520a05e3ce3	40.754340	-73.933597	1
4bb208a7f964a5206eb33ce3	40.708328	-73.869109	13
4bb28065eb3e9521091fca0a	40.587502	-73.954417	4
4bb36e1242959c741be5212c	40.750378	-73.993607	7
4bb507e1310276b07bb4cf90	40.774290	-73.912689	5
4bb5e800941ad13ac99f1ee3	40.689490	-73.951464	5
4bb64abd46d4a593e8ffc5c0	40.689522	-73.842502	2
4bb66c01ef159c7488ed75f7	40.739209	-74.030514	12
4bb74c3c46d4a5931145c7c0	40.754440	-74.025689	6
4bb78fb2314e9521564f479d	40.709823	-73.846802	2
4bb7f526314e9521e0fc479d	40.834956	-73.861051	17
4bb9a925cf2fc9b624aba002	40.645643	-73.775554	14
4bbb83c72d9ea593217f9fce	40.764876	-73.982019	1
4bbb9ce5e45295211aec54a4	40.615119	-73.994203	8
4bbdd606a8cf76b03934b2fd	40.713830	-73.933804	6
4bbf5c88b083a5932d47a3e9	40.839349	-73.937414	2
4bc0b2fc4cdfc9b630469321	40.767490	-73.739080	6
4bc0dc4a2a89ef3bb04df188	40.752373	-73.915216	3
4bc12c074cdfc9b68f519421	40.742537	-73.980475	9
4bc27de52a89ef3becf0f388	40.741847	-73.883504	6
4bc314d7461576b05f1a7e32	40.724982	-73.771691	15
4bc475a1b492d13ad005aa60	40.761968	-73.989962	3
4bc5f5b8b387d13a3307c1e8	40.852518	-73.827286	4
4bc7a8428b7c9c744bee36cf	40.649469	-73.782763	14
4bc88d9515a7ef3be7497bda	40.722445	-73.796153	3
4bc8e36bfb84c9b613f8193e	40.781957	-73.829812	19
4bc90a96b6c49c743dc58d91	40.635263	-73.967911	1
4bc9e211fb84c9b6d8cb1b3e	40.758799	-73.978684	33
4bc9ee9468f976b0032a5e83	40.684540	-73.977737	42
4bcda29a511f9521bbdcb4c7	40.714257	-73.807004	1
4bce2d6c29d4b713011ea8dc	40.708126	-73.897600	1
4bce7845fb84c9b64cfb233e	40.757790	-73.919921	5
4bcef4cccc8cd13aa310c5cf	40.685493	-73.991178	7
4bcefda6cc8cd13a7821c5cf	40.740281	-73.986155	9
4bd04eefb221c9b66663d3d0	40.730962	-73.995385	1
4bd06275a8b3a59301b9635f	40.748490	-73.973186	3
4bd0d51ca8b3a59352bc645f	40.800231	-73.994465	32
4bd1d7caa8b3a593e683665f	40.642157	-74.013392	2
4bd2f62a046076b0f2d67471	40.743365	-73.918964	9
4bd37095b221c9b6c8c9d9d0	40.620790	-74.032268	9
4bd382d8caff95214723d5f0	40.775216	-73.913739	1
4bd5bc257b1876b0e2398b86	40.703730	-73.917586	1
4bd8fb2ae914a593166255fa	40.706841	-73.751351	2
4bd9c1072e6f0f47bfd20b08	40.837109	-73.838038	2
4bdb01633904a5930c3c489e	40.645181	-74.021236	7
4bdc69edc79cc928476c86e9	40.679604	-73.867172	1
4bdd72b0d33f2d7f46f38a3c	40.737291	-74.037336	26
4bde3454e75c0f47f254c703	40.792107	-73.812702	2
4bdf2ae8ffdec92807f5eaa1	40.770021	-74.027777	14
4be167a4c1732d7f00e15b9a	40.713834	-74.008893	14
4be18cca8e2962b57d589b0a	40.734530	-73.869180	29
4be1a56dcd81a59314a8931c	40.727959	-73.906603	5
4be5c0f1d4f7c9b68ade2520	40.712893	-73.906798	10
4be7f29dd837c9b64eada406	40.782946	-73.835893	1
4be86a23ee96c9283410febf	40.647114	-73.883372	13
4be95e1f88ed2d7f3ddecc1d	40.685785	-73.793550	3
4be96b1ed837c9b6bc61a606	40.818906	-74.000739	8
4becac90d5510f47e1e1cc6c	40.748290	-73.876774	2
4bed59399868a59354395d46	40.763598	-73.996062	1
4bf17cc970779521be8f3e7c	40.850242	-73.985882	4
4bf1a9cb7077952162973e7c	40.750257	-73.975172	14
4bf3ee8098ac0f471d5c63a8	40.867301	-73.897198	13
4bf5663994af2d7f15a93b72	40.751538	-73.990059	15
4bf5ecd69abec9b6be0b25e8	40.700640	-73.896882	4
4bf956c7abdaef3bd0d9a184	40.831860	-73.866707	7
4bf9c0985efe2d7fb5c96c34	40.793851	-73.972377	17
4bfa5f40b182c9b6c52d7a5a	40.876589	-73.863256	2
4bfaa7ed5ec320a1d2f28bd3	40.782618	-73.953349	69
4bfaa912508c0f4744484031	40.832080	-74.009949	1
4bfac6f65efe2d7f60186e34	40.801693	-73.949079	2
4bfb28c2bbb7c9283cd60743	40.857132	-74.024776	1
4bfbb14c565f76b0f8ce05db	40.761620	-73.803842	1
4bfc53bce05e0f47a486cfa8	40.671800	-73.984257	6
4bffc40cdaf9c9b631a6faef	40.859904	-73.902750	2
4bfffe71efa2ef3b6234aa8c	40.795322	-73.948172	11
4c011f91de3376b0fe47f9a4	40.672474	-73.970471	1
4c04340d187ec9285abfb67b	40.729874	-73.745415	4
4c051033f56c2d7f4f0d1f66	40.729441	-73.993288	5
4c056eb3191f20a17415e314	40.640644	-73.789759	14
4c0686098a81c9b641d12590	40.768094	-73.982921	1
4c0727a88b4520a1989a8697	40.747645	-73.884233	6
4c090d93340720a1480d8493	40.701952	-73.880825	4
4c091e0abbc676b0a19647d5	40.832858	-73.828010	1
4c098316ed25952148fa1256	40.750477	-73.987861	4
4c0988846071a593f91cde32	40.807980	-73.945698	73
4c0b92b0ffb8c9b6b86a6d61	40.823975	-73.875031	15
4c0bc649bbc676b096fb4bd5	40.834116	-73.851621	7
4c0e39ebc700c9b62079a3dd	40.730186	-73.863101	12
4c0e5d932466a593cbe47821	40.631842	-73.887173	1
4c11af34a9420f470f4b7d51	40.661489	-73.920485	7
4c13897db7b9c92822a6a937	40.802855	-73.956449	3
4c17e75e2cddb7136310831e	40.622736	-73.937432	2
4c1b3e75eac020a1658444c2	40.652313	-73.838623	4
4c1c5630e9c4ef3b4ccd45aa	40.845892	-73.862114	2
4c1d2142fcf8c9b6393eab0b	40.581170	-73.837906	1
4c1d3f89b9f876b0ca517d46	40.728728	-73.978436	1
4c1ea461eac020a19b0e4ac2	40.768716	-73.911069	23
4c1f9e4163750f477868bb67	40.626576	-73.976469	1
4c2271ee9085d13a1c5886cc	40.619681	-74.008096	75
4c2346d07e85c928ad3dbd21	40.756888	-73.989158	3
4c24b32cf7ced13a0b33236d	40.754139	-73.988114	90
4c252a61c11dc9b634bc2624	40.680671	-73.844819	8
4c27736cc11dc9b6048e2a24	40.708140	-74.013759	21
4c28e85ed26eb713725814d1	40.593680	-73.940445	1
4c2950ebfe6e2d7fd5b8543c	40.749940	-73.862816	4
4c2b3de98abca59321ceff1f	40.706226	-74.009737	2
4c3a934116cb2d7f5e9d01a9	40.767249	-73.865247	44
4c3abbc9b2289521d209f70c	40.733719	-74.006317	56
4c3c8d637c1ee21e2ab28c71	40.742894	-73.992803	1
4c3e8b1883a3a5932c54ee33	40.693660	-73.852500	4
4c3f4751ff711b8d32ac0e05	40.762134	-73.868981	1
4c43a2418c1f20a115663b99	40.676765	-73.916144	5
4c447cd6dd1f2d7face57ff9	40.720793	-73.998522	9
4c450f6574ffc928d48576cc	40.696300	-73.917454	1
4c45d23b429a0f47dda64a1e	40.731143	-73.993761	1
4c4738df417b20a1d7dfdca9	40.727072	-74.034722	2
4c473db21ddec92852bd9c32	40.680440	-73.948918	2
4c479a0d1ddec9283b0b9e32	40.726018	-73.790523	4
4c483d70c047be9a430c3379	40.869607	-73.905581	1
4c48613bc047be9a39893379	40.612847	-73.982472	1
4c4b15acc668e21e8d0094f9	40.745570	-73.903238	16
4c4c56db46240f474321a7f4	40.735551	-73.873272	3
4c4cb44a4237be9a9f9dc912	40.723116	-73.799502	16
4c4da0abea24c9b6d2616414	40.808693	-74.002469	4
4c4dcfb2fb742d7f792a592d	40.715666	-73.955944	32
4c501e74dcb5d13abe237208	40.673353	-73.962889	1
4c50973d5ee81b8d73c1d6fe	40.752744	-73.978954	4
4c52d64a048b1b8dd75bfe30	40.757410	-73.963549	2
4c52ffca384c76b01963122b	40.706208	-73.792616	5
4c547827728920a112dbcf82	40.726815	-73.983517	1
4c55a057f5f3d13a58c61afc	40.782899	-73.846274	1
4c55efd5a724e21e5a84e2f8	40.668778	-73.979958	4
4c61672c54ac0f4745d0b721	40.667031	-73.789672	1
4c62c0cb4b5176b0e3620817	40.660245	-73.994545	1
4c642b14eb82d13a0ea209d6	40.734462	-73.992538	1
4c65a47fd5b3b713d9d02b35	40.795494	-73.932615	2
4c66af49c2ead13a8750b480	40.829990	-73.985709	1
4c6b30f3599fbe9a3657923f	40.628906	-74.022935	5
4c6c03e8a437224b651f29b1	40.862062	-73.893500	2
4c6c2b7be6b7b1f70344a68e	40.750654	-73.988682	5
4c6d5ce5e6b7b1f7af76a98e	40.873541	-73.880409	1
4c6d9ca4a437224b8e932db1	40.745499	-73.990949	8
4c6e729c4d24b60c1c9bd8d8	40.854868	-73.929802	3
4c6e7993f323bfb79ca52399	40.604780	-73.976325	2
4c6ebb82d5c3a1cd212ac92b	40.740253	-73.979097	3
4c743793b474a1cd3bf5b5bf	40.848783	-73.854693	4
4c793956794e224ba19d6428	40.734023	-73.871577	2
4c79a973566db60c73db450e	40.708198	-73.897605	1
4c7d00cf744d8cfacd1dbc37	40.824431	-73.908733	1
4c8010e8dc018cfafd29b96c	40.676872	-73.899988	1
4c80ca812f1c236a156c2943	40.676167	-74.000882	5
4c815832e63376b0a176ac3d	40.785806	-73.950949	34
4c815a99dc018cfa4bf1c46c	40.739698	-73.784945	5
4c83a1e451ada1cd8c332710	40.741904	-73.989068	53
4c83ada9d4e237044eae7288	40.702928	-73.800015	4
4c83b23be602b1f795c5a77a	40.804702	-73.937225	4
4c90d5352626a1cd31e32c6b	40.639810	-73.967452	11
4c9239b357e5b60ce41d671c	40.601220	-73.976291	1
4c929e322bf7b60c492d640a	40.764813	-74.034146	1
4c94d12f38dd8cfae750cc62	40.672514	-73.970515	1
4c97452df244b1f72aea3a1d	40.836772	-73.846481	5
4c97b94c82b56dcbff32ecaa	40.586664	-73.931938	5
4c9d22110e9bb1f7bc4fda5f	40.769549	-73.834581	1
4c9d2b547c096dcbdf83c8d1	40.760725	-73.999093	4
4ca21c392fb1a143ecb20a41	40.639901	-73.983202	5
4ca296d8d5a2a1433c644290	40.696858	-73.813799	1
4ca3394ffcaebfb75cf4c084	40.754556	-73.986719	18
4ca8af93f47ea143387f7721	40.770038	-73.861591	7
4cae1009628cb1f757253115	40.765231	-73.926490	1
4caf199db4b0a35dc8033ece	40.749042	-73.977914	7
4caf4832c5e6a1cd7177cbf6	40.707085	-73.802529	1
4cb215401463a143b6a2aaa9	40.711659	-73.951369	22
4cb732af3ac9370447c5d90a	40.757790	-73.834906	2
4cb8494490c9a143d8237ed6	40.596599	-73.933568	6
4cbde170bac937044ced007d	40.735426	-73.874259	3
4cbf1e6eca4aa1cd044918b4	40.743780	-73.936186	2
4cc0305800d8370425ae485c	40.691658	-73.971299	1
4cc19e735684a35dcfd4b90d	40.624074	-74.030750	4
4cc442fa91413704dd83c155	40.677803	-73.979542	1
4cc805928c5b236a9499fc6d	40.849124	-73.883285	30
4ccc11e772106dcb66ba9899	40.641729	-73.963348	30
4cd024919d87224b684e533b	40.687598	-73.957121	12
4cd0697a7b685481f35dc1f8	40.829186	-73.876200	2
4cd3704eb74860fc56a76e49	40.714232	-73.986939	11
4cd41f1b04c2236a091fd1c7	40.751215	-73.966484	1
4cd8439e51fc8cfa3e9ee85d	40.761517	-73.966321	2
4cd93ff33ec4b1f72179c23f	40.719479	-73.996310	2
4ce155a9f8a4a1431bf4e9bc	40.752421	-73.985950	10
4ce157ff0de52c0f62a0a10c	40.730096	-73.992499	22
4ce44862f5f9236a3a9c8461	40.745314	-73.990892	2
4ce52cc12ea9a143886b112b	40.755941	-73.990558	13
4cf087e66195721e81453cc1	40.671577	-73.996871	1
4cf111d0899c6ea8bf48eec1	40.677947	-74.012149	1
4cf29bde6195721ed66d48c1	40.765461	-73.882842	2
4cf3e7e2899c6ea86108fec1	40.624608	-73.945939	5
4cf7108c665854810818cd98	40.814921	-73.940158	7
4cfe98937945224be08396e7	40.816609	-73.892231	7
4d01633f432f5481e063c254	40.726600	-73.990258	2
4d017c9c6212721e474de111	40.746935	-73.890991	6
4d03a9342f96f04d021b1954	40.768568	-74.040182	1
4d03e616347da1cd746a288f	40.835487	-73.921013	2
4d0d29f195c1a1cdfdac00ff	40.689522	-73.951292	8
4d0f62ea6331a093fd7a5094	40.742089	-73.993285	4
4d0f690459606dcb756e6e3e	40.734527	-73.870955	1
4d124470f898b1f71491d781	40.615782	-74.016313	1
4d1266ff12916dcb8daad58a	40.736903	-73.995804	47
4d12776bffa1224bfd5d99ad	40.856022	-73.966316	2
4d1cf67b756e8cfa797c4a54	40.752520	-73.994467	27
4d24b8dbf39ca143e86e78b8	40.753944	-73.981663	1
4d2698f492b82c0f21145080	40.848187	-73.937730	4
4d2f790a789a8cfaf64d25c6	40.677193	-73.979924	3
4d406a44de17a0932403f86b	40.721208	-73.984092	15
4d42cb31f2a6a0936058da68	40.846928	-73.844304	1
4d440e9c3616b60cef25e0c2	40.596524	-73.754649	46
4d4431347e2e5481c0a35d8f	40.716227	-73.744812	1
4d4fe94b529dcbffe118d5c4	40.809976	-73.961806	21
4d5317bd587ba35dc17859f6	40.782151	-73.846039	5
4d5f4ebc71f38eec9fac3f21	40.782470	-73.965122	1
4d65353b89238cfa84ab9636	40.759073	-73.973375	1
4d67b73b5b376dcbbd326f67	40.701465	-73.816034	2
4d67f6c554c360fce5440799	40.728170	-73.991132	2
4d68e1a467a8f04dc75006be	40.761900	-73.925058	43
4d8231296282721e0a82ed4d	40.756047	-73.877784	6
4d8cdb8aca75b60cde9cdba8	40.752840	-73.927230	1
4d8f7d48d265236a02c72117	40.729227	-73.953798	7
4d933246f4992c0fad2e8f97	40.646859	-74.021328	1
4d9784169079b1f70088150a	40.609640	-73.921857	2
4d98831fdaec224bfb214a3e	40.622932	-74.028374	2
4d9f575483f0b1f7498d97c7	40.849145	-73.905727	1
4da39a219935a0933d0bcd6f	40.779428	-73.950439	3
4da454769935a0930bc9da6f	40.599853	-73.946846	1
4dad975dfa8cf64d804b25e9	40.867146	-73.896825	1
4daf4955561412b944bafdfe	40.705238	-73.928761	12
4db2fc411e7248d13581c9db	40.750378	-73.992881	4
4dba10405da389d2c2339d2a	40.681455	-73.955674	24
4dc326182271f27050f39597	40.779772	-73.947160	2
4dc74bce814d1bfbca3ba272	40.744831	-73.997393	21
4dca8038d16495ca5aeaf28f	40.700170	-73.905483	4
4dcc5861887714552bd47b34	40.704120	-73.986662	45
4dd3d4058877a55425c42e70	40.739388	-74.002790	42
4dd6e834e4cd37c8939e9b4e	40.700325	-73.807740	7
4dd7dcebc65bee535abc62ad	40.756135	-73.997841	28
4de62fdcd22d7fddb9d052da	40.753691	-73.985778	1
4df24ffc45dd4e26933c21da	40.750734	-73.939716	5
4df61ee1b0fb807158cac0ab	40.736421	-73.989927	3
4df7f3f5d164d347cc714631	40.750772	-73.991459	17
4dfba8ba62e1ff64965320da	40.748667	-73.881907	1
4e0399bed1649538d96a35eb	40.755734	-73.983827	5
4e09c7d5a809495e61a7d8f4	40.707617	-73.940327	3
4e0b8f9422713e1301934a69	40.760560	-73.793642	2
4e0cb1c918509581f763fea2	40.710150	-74.007699	21
4e0dacd8e4cd27fc7d27683c	40.755731	-73.975459	12
4e1259f8e4cdef074b7bd2f8	40.716256	-73.991185	8
4e148d78922ece3933e9860b	40.726218	-73.979895	1
4e14b8abd16447c40d1ae25c	40.742429	-74.007672	8
4e1b6c2fa8099d0a25c614d4	40.754689	-73.983958	5
4e1b70dd2fb6a7357497796e	40.648808	-73.973789	1
4e280002d4c0e361d9d945f4	40.638007	-73.786283	5
4e286bb01fc7f0a6e14995a7	40.753798	-73.986815	85
4e295c32c65ba11f4c654b09	40.646665	-73.790305	1
4e2ebf39aeb7e1b8af9dc6d3	40.743684	-74.003689	10
4e3156877d8b9b256bca1e42	40.756555	-73.991063	54
4e34bc6e814d2eb94733186f	40.719860	-74.003348	2
4e36d161bd41a0c6fd5ed3e7	40.781209	-73.776051	1
4e36d161bd41a0c6fd5ed560	40.667261	-73.789523	1
4e373a1962e1a8e9cc43df66	40.612935	-73.996699	4
4e3748af63651b08cc423f49	40.652643	-73.921530	1
4e38a2bdbd415d9f63d70589	40.783003	-74.022780	3
4e38a2cfbd415d9f63d70fc0	40.752620	-73.921042	2
4e38a2cfbd415d9f63d71183	40.879076	-73.905254	2
4e38a2cfbd415d9f63d711a3	40.747857	-73.976624	2
4e38a2cfbd415d9f63d711e3	40.737606	-73.996699	10
4e38a2cfbd415d9f63d7124f	40.747739	-74.000269	3
4e38b9e752b11b0b4a9a0725	40.759616	-73.830275	4
4e38bf71814d9fd8faf66351	40.788632	-73.786025	6
4e3af67181301b0bdc25108f	40.751492	-73.976398	12
4e3c856c52b1a04aff0c2c91	40.747273	-73.995442	1
4e3db0dfae60454236694c6b	40.691756	-73.982920	7
4e3eedcf62e19d6109827af3	40.732259	-73.981921	3
4e40731cd164f2d277b8c77d	40.852502	-73.994829	2
4e42c9261495387dc48aee4a	40.755789	-73.756247	13
4e45352362e148603b60cf09	40.746193	-73.979367	4
4e46fc6eae60fa7232fbfbd1	40.765822	-73.957281	23
4e4c36afbd41b9fca4316d5a	40.788096	-73.813593	2
4e4c36afbd41b9fca4317020	40.669771	-73.955772	11
4e4c36afbd41b9fca4317855	40.857891	-73.867546	1
4e4c36afbd41b9fca431795e	40.758240	-73.970672	2
4e4c36afbd41b9fca4317ac0	40.810955	-73.952442	2
4e4c36afbd41b9fca4317c1c	40.774117	-73.873954	13
4e4c36afbd41b9fca4317c81	40.772225	-73.872387	3
4e4c36b4bd41b9fca431802c	40.688092	-73.982587	1
4e4d9c17814dd49447e709e1	40.725551	-73.994765	30
4e4dcad0bd41b76bef933100	40.763750	-73.982598	4
4e4dcadcbd41b76bef9331d2	40.763294	-73.979120	5
4e4dcae2bd41b76bef93321a	40.756867	-73.963893	1
4e4dcaf4bd41b76bef9332db	40.758056	-73.989502	2
4e4dcaffbd41b76bef933358	40.763896	-73.982616	29
4e4dcb0bbd41b76bef9333a6	40.729598	-73.991058	1
4e4dcb0ebd41b76bef9333bf	40.794835	-73.971424	1
4e4dcb17bd41b76bef933435	40.751999	-73.975505	2
4e4dcb25bd41b76bef9334f5	40.756086	-73.974971	1
4e4dd5c5bd4101d0d79c51a1	40.844343	-73.897652	1
4e4e4acdbd4101d0d7a6ff7f	40.750454	-73.993370	1
4e4e4bbfbd4101d0d7a7155e	40.751989	-73.975453	2
4e4e4e7abd4101d0d7a74fbc	40.862463	-73.922741	2
4e4e5b20bd4101d0d7a864ad	40.736992	-73.990690	1
4e5160c3483bb770492ac1ea	40.754677	-73.974489	49
4e53ae7b52b1c616cd1f179a	40.801721	-73.735704	1
4e56634545dd92275e4c30d9	40.733178	-73.991160	109
4e57c230b9935d203cfd38e1	40.765905	-73.957241	2
4e5e54e3aeb78833bb8aa8e6	40.752355	-73.989749	2
4e5f499918a870f60f374f78	40.729926	-74.041843	2
4e60e72a62e13e3bcdf4bdfa	40.733766	-73.999670	6
4e651c59e4cdf1e2c0704309	40.649546	-73.870434	1
4e68fee81838d179b13b402f	40.652189	-73.869912	2
4e6fe48c1fc7d3fc71285ec2	40.755578	-73.978180	140
4e74ba1e1fc77084d10d508a	40.798185	-73.969536	4
4e7615ac1495be5171674d1c	40.784545	-73.947035	8
4e7a3d3f775b9ed4d3854ca6	40.718163	-74.006994	15
4e7e351530f88d69f5373c4f	40.731646	-74.001528	4
4e7f1b9f00394ee730f03b66	40.743355	-73.954167	3
4e81f45d61af8c4b6528250d	40.646268	-73.913386	1
4e830745b803fd89e4aecaa7	40.646757	-73.779625	1
4e85c4ff61af9a699f5ac472	40.745003	-73.956782	1
4e86fb5693ad786da2f2c426	40.776491	-73.874625	2
4e88ec9be5fafb00cbcef9c6	40.709746	-73.918654	1
4e8a3e859a524097dc0ebc2d	40.611183	-74.009266	2
4e9078d6b63456ab9570ec12	40.769323	-73.953630	53
4e91bccc49013919db4ff12b	40.756514	-73.921277	1
4e95b4a34fc6e92e3c5a6ba7	40.704985	-74.006900	2
4e9d95749adfe5e71ccfe604	40.723257	-73.794929	3
4e9d9e599a5262f9812fed9e	40.724291	-73.992890	14
4ea0afbf9adf1e334e4cc0e6	40.717339	-74.010129	5
4ea6be6c722e2c16d31f577d	40.631223	-73.952517	5
4f32580619836c91c7ce782b	40.567459	-74.221225	2
50afba75e4b014937a3c9822	40.581496	-74.165343	1
50afbb00e4b0d8a9f00a8148	40.581750	-74.165985	3
4ead925c5c5ce6e506156e9f	40.709602	-73.830606	3
4eb01ad24690488dabfa24f2	40.737248	-73.996538	8
4eb0708e7ee59218bc664c73	40.728583	-73.990719	2
4eb0d7bc4fc6015c82ea1c3e	40.810090	-73.943267	41
4eb2e8d6b803285809f920e2	40.752815	-73.989962	1
4eb41f817ed11cca6ca9daa2	40.765500	-73.969955	2
4eb811f629c212fb6d8158e5	40.727955	-73.993261	116
4eba99d3be7b1e562036cb46	40.717997	-73.959328	53
4ec11fdff5b93923c212cdc0	40.759988	-73.980756	1
4ec668c6f5b9e881913a50de	40.717843	-74.001095	2
4ec6ecc80aaf9c3ccbafef32	40.759803	-73.980980	2
4ecc046b0e61aaf0384f19c4	40.739465	-74.002656	98
4ecc6b61e30072984b59fc96	40.767307	-73.984085	1
4ece8eaef790d0703658c602	40.696135	-73.905362	2
4ed1077a4690a03b5e13c348	40.714070	-73.961572	10
4ed152e40e61efa3322ea7dd	40.740913	-73.997916	11
4ed416de6c2510ace539f5d6	40.813061	-73.984717	2
4ed62aed6c25b696b47f0ca6	40.756288	-73.922919	1
4ee13a16775b24730288e9f3	40.725561	-73.989824	83
4ee3d902a69d89905b82e7e5	40.610695	-73.920158	2
4ee6a1e3991194490317e1dc	40.760026	-73.733038	1
4ee74dca7ee5cae3f273d82e	40.700489	-73.929228	9
4eea1ee2b8f7eaddf78a99f7	40.667767	-73.980762	1
4eee25d19911d70cb8981e4e	40.758189	-73.919566	26
4eef2cf202d514a36be765a1	40.787592	-73.975017	30
4eefb1d529c22c6c75dbcbf7	40.704354	-73.986679	1
4ef377dc6da1a067a58d5a78	40.717692	-73.957528	8
4ef4c5b099111bd0a9b8e9c2	40.772111	-73.960955	65
4efbbcbe9adf02fe699ae53a	40.852420	-73.969524	3
4f044f5993ad64af7ace411b	40.730059	-74.003034	51
4f06365d49013460833cf701	40.739524	-73.996039	10
4f0a0d79e4b033211b58010e	40.731529	-74.041312	1
4f0eea15c2eeb8e9e165bb60	40.690840	-73.955712	6
4f11c51fe4b07e9ecac3bbc6	40.830715	-73.910352	1
4f1dbd48e4b0a6271b67e55e	40.781906	-73.975689	15
4f22b060e4b02a95fc886761	40.719741	-73.988642	10
4f22f6b2e4b0b2f98de71ff5	40.761270	-73.973599	3
4f27c3d2e4b0545879fee573	40.718415	-74.000257	1
4f298f3a771655080994d9db	40.747724	-73.986526	3
4f2ff4084fc63140daf45e23	40.743947	-73.988859	32
4f3224f219836c91c7ba7fff	40.736231	-73.986416	1
4f3239cd19836c91c7c28fa5	40.823648	-73.943842	1
4f3285cd19836c91c7e00f91	40.825206	-74.009297	1
4f3295d819836c91c7e62c82	40.871124	-73.876816	1
4f39070ae4b0948a83acbfcb	40.774486	-73.913067	2
4f3a5687e4b03d78318d2208	40.749975	-73.979493	24
4f3a9e05bb3d2fbe725ca57a	40.742477	-74.006846	58
4f3bc487e4b09bd62749cbb9	40.724607	-73.987413	14
4f44502819836ed0019369ac	40.741986	-73.980600	1
4f446de019836ed0019408da	40.818821	-73.817347	1
4f45154119836ed0019884ea	40.702659	-73.904997	1
4f454b39e4b0b7292f7726b3	40.749907	-73.939458	3
4f52a0c6e4b07de37bccc8ae	40.750739	-73.986972	38
4f56ff2de4b07b61cb04e325	40.754244	-73.764072	1
4f5b91b7e4b03a6a118b4e74	40.629113	-73.947374	2
4f5d35cae4b0241543b973d4	40.743866	-73.976807	4
4f5e82dae4b01989c438cbb6	40.758702	-73.978529	95
4f625ddce4b00c2a011b879e	40.742197	-73.994995	9
4f634995e4b04b24427b6f98	40.739325	-73.997525	1
4f6a28d5e4b085e9a4b3c5e1	40.720896	-74.010127	25
4f6f85a2e4b0541c6356520a	40.720386	-73.999792	2
4f72095ae4b007de90522a69	40.764628	-73.988142	34
4f786df5e4b0df5437a0d576	40.741611	-74.001164	8
4f80a632e4b0b2237c573865	40.691996	-73.987144	4
4f86d1d2e4b0f1893822cc85	40.757981	-73.982420	13
4f874d66e4b0e6f34694b474	40.680272	-73.974695	31
4f8c0b12e4b04a0760f5e51e	40.776815	-73.955473	42
4f994248e4b0a7aa8532d2c9	40.655701	-73.945703	1
4f998e3fe4b0dec19863224d	40.657040	-73.767738	8
4fa6b512e4b0419376dd7b06	40.741900	-73.993732	1
4fa96c2be4b07cb43c3266a9	40.704131	-73.934068	3
4faaf3d7e4b006e8b33174ce	40.725179	-73.983098	2
4fb541b310812b992f8e7f45	40.755921	-73.986311	2
4fbfbb06e4b021b6df31367a	40.867866	-73.920543	27
4fc38a88e4b09bd24f66c71c	40.778440	-73.956311	4
4fc64ab9e4b0acb95c508a5f	40.783577	-73.979396	11
4fc824d3e4b0b1f62d54eb51	40.721005	-73.855159	2
4fc8b7bce4b000e38f00376c	40.749939	-73.991626	9
4fc9457dd4f24895b4467952	40.707004	-73.854958	1
4fc94580d4f24895b4467dc0	40.722751	-73.795952	5
4fd09d80e4b0e0b51ce2445e	40.759175	-74.011326	1
4fd106d6e4b064b8c3683c1b	40.729188	-74.001261	18
4fd885ebe4b04c77826c1540	40.781987	-73.980768	12
4fdb7a19bb3d4f6dd9178358	40.688871	-73.983607	9
4fdbd09ee4b0602ab597262c	40.735714	-74.001954	10
4fdc9a79e4b0735a6deafc25	40.795499	-73.965782	15
4fdd0e52e4b06434e89e4b95	40.757600	-73.844764	1
4fdf5edce4b08aca4a462878	40.828544	-73.948602	16
4fecb319e4b095ea88dbdb3a	40.692104	-73.988464	11
4fedeb88e4b0d57e702e05e2	40.681352	-73.934797	5
4fef2438e4b0f5b9d81b65c9	40.721515	-74.004658	11
4fef2f45e4b0562c835d6b7c	40.813993	-73.959979	1
4ff2459fe4b0a148f89af102	40.747871	-73.989221	23
4ff32729e4b0463f6f8b6dad	40.677454	-73.958871	3
4ff45c23e4b02ca33aff440d	40.712090	-73.962872	3
4ff667baebca39217ee2d243	40.792198	-73.971484	1
50001260e4b09359230a62cf	40.646795	-73.969943	8
5008301ce4b0fa0125f08333	40.810082	-73.925049	1
50095946e4b0ffb333022cf4	40.704149	-74.009209	2
500d3cede4b0f6804faa90a8	40.708302	-74.008038	7
50170a53e4b07ac9f310b944	40.709272	-74.005450	88
501a8318e4b0738ef5e1735b	40.761645	-73.979987	1
50202b0ee4b0cabb110c01a2	40.714610	-74.017403	3
50314d9ee4b0202f72121bf7	40.645879	-73.773445	1
5032fb8090e7fb6d51775704	40.713891	-73.990560	4
50353823e4b05cd3b15cc439	40.755904	-73.979199	1
5037e21fe4b0b68ee3d6546f	40.793191	-73.967159	4
503bc1d6e4b021b47aa1cc94	40.746946	-73.989967	1
50415ea8e4b0f300417d4e68	40.730757	-73.983138	52
50422684e4b0b5223df3a619	40.575127	-73.961305	1
5044e6bbe4b08d9f5a449adc	40.700258	-73.925589	2
504661e7e4b09100cac92a75	40.718634	-74.005433	2
5046b813e4b0875cbaa77dcf	40.740396	-73.983976	9
50474759e4b0428320eb0a61	40.808711	-73.963342	1
50474d91e4b0ea030c26e87b	40.716258	-74.033073	6
5048f9dfe4b0bc5aaa92aa3c	40.740417	-73.986392	7
5050b1ade4b05606213f5466	40.711061	-74.004492	1
50538585e4b0a13301d39387	40.726466	-73.994553	7
50560c63e4b09ebc6fbd3084	40.765255	-73.814391	4
50574c27f31cfd0b01a90eaa	40.752052	-73.926208	8
505878d6e4b018f7e62ded57	40.707104	-74.004993	6
5058bd06e4b0e27671bf4399	40.736559	-73.981944	24
50603d8b498efd4a9c3e4cea	40.763326	-73.972382	42
506583e2e4b084f8df2171dc	40.758180	-73.992062	16
5066ec39e4b0e8655839e3b6	40.769648	-73.988068	1
506731fbe4b0e370b1e7e558	40.683319	-73.976193	6
50677443e4b0bb47b2344bf5	40.728486	-73.978793	5
506872f4e4b08b705a777285	40.727101	-74.000240	6
506ae459e4b0499adeccb1df	40.676029	-73.949905	9
506aeec9e4b0ab9925e4ff1f	40.761925	-73.979235	1
507067abe4b07b49cb026887	40.726698	-73.986914	2
50706e92e4b06e882e726977	40.796250	-73.967492	1
508013e5e4b02081a18088d7	40.730151	-73.993680	1
5082f364e4b00b2c405bf3bb	40.777917	-73.956724	1
508c610de4b0ddcb6e8e6f11	40.713984	-73.956265	1
50a6e259e4b0060f45c6be0f	40.725283	-73.879369	6
50b76ef0e4b0a436037703e9	40.729508	-74.002236	8
50c75c4b498e1dcd47afbd75	40.766208	-73.956524	1
50cf1344e4b0ed43740fe8b4	40.749307	-73.989428	12
50cf596fe4b00957dba2d57c	40.752968	-73.747154	2
50e59648e4b0edb3ef05b56a	40.749289	-73.989427	1
50e75e66498e989d22989b83	40.760675	-73.991029	1
50e87b7ce4b05e343ccc57a9	40.732022	-73.984113	3
50ef29f1e4b0e73fdcea6daa	40.721474	-74.005014	3
50fdbf2ce88928976cc8733c	40.738299	-73.999743	6
5100025b19a9b90e8753b186	40.834674	-73.945370	1
510f2099e4b0ca91fb7b8f11	40.738771	-73.988705	2
511a95cee4b0392b2a272df7	40.590564	-73.797313	2
511ec188e4b03cb4b9978ed6	40.744315	-73.976376	6
512235b2e4b0b3e2b67c7310	40.711077	-74.015526	4
5123c0a3e4b0caabfdcb04fe	40.759422	-73.986944	2
5129000be4b01971f2218351	40.744125	-73.999367	3
512b59b7e4b020f72765957a	40.650494	-73.791896	1
512b7840e4b0173c03d940f8	40.741944	-73.980813	10
512bbaa0e4b092e60382c543	40.756891	-73.971929	5
512f8233e4b04458d4385195	40.732815	-73.998093	6
512fb0afc84c0f759c0db4d2	40.768826	-73.988543	16
51323ff4e4b006d9cdccfabc	40.737237	-73.877354	7
5132b984011c294922fcfa01	40.753353	-74.026995	5
5148e974e4b0026a5133f96b	40.758378	-73.969457	1
514cf33be4b031490f2b6d33	40.646118	-73.783721	1
51548dfbe4b092fc57ba2ce7	40.734948	-74.006156	1
515655b0d86cd9583f877627	40.729974	-73.997662	1
5159bbdee4b03f6bce4f7f2c	40.703554	-74.010959	1
516032a2805506661091d890	40.733954	-74.000387	9
51618ffce4b09c0b68db1993	40.711023	-73.957799	5
5165b8c2e4b07a7ad83917be	40.710711	-74.011499	2
517ad043e4b02da281c6dd3d	40.677527	-73.973065	3
517f277be4b00ee4ed0eda99	40.732742	-73.954560	1
518bb679498e52f9aa66b474	40.740781	-74.005142	1
518c39dd498e9692c844af13	40.740792	-74.005112	4
5193dacb498eabb1734b29dd	40.747970	-74.000354	4
519a94e3498e722d3d9ae1bf	40.745911	-74.005364	4
519b87d9498eb55c909cb490	40.752633	-73.973260	1
51a26e60498e41b6308d41ee	40.744088	-73.999350	1
51a75a1e498ea137ea82974d	40.737307	-74.027881	1
51ae935b7dd2de27a217609e	40.780801	-73.949339	4
51af7133498e9b288964a1eb	40.759682	-73.772614	6
51b07bbb498ef4badd279fe8	40.708928	-74.009278	1
51c0c2ea498e286c6f15852c	40.760651	-73.970573	2
51c9b6e1498e263056040a69	40.759903	-73.969767	4
51d5b80d498eda53b7210894	40.706517	-74.003442	1
51e97ec8498e7c4febb823cd	40.760879	-73.973134	4
51e9a0b5498e23f5f3134924	40.732134	-73.988269	1
51fe910b498ebbf7410447ac	40.703465	-73.822777	1
520e0be711d2d3f778b152b0	40.784704	-73.949693	1
5216b0708bbddb6be44a86aa	40.673018	-73.871322	8
5229ec74498ee7e93827e2a4	40.842032	-73.939182	2